id	num	neg|score	neg|p-value	neg|fdr	neg|rank	neg|goodsgrna	neg|lfc	pos|score	pos|p-value	pos|fdr	pos|rank	pos|goodsgrna	pos|lfc
Stk11*Nt	10	0.0010395	0.044813	1	1	9	-1.0461	0.81635	0.96796	0.984387	224	1	-1.0461
Nt*Fcrl6	14	0.0029402	0.091463	1	2	10	-1.1851	0.85727	0.98484	0.991754	240	2	-1.1851
Tsc2*Tnfsf15	5	0.004003	0.026854	1	3	4	-0.92986	0.62424	0.84799	0.984387	173	1	-0.92986
Tsc2*Mysm1	5	0.0043773	0.026854	1	4	3	-1.1631	0.46731	0.72313	0.984387	147	1	-1.1631
Chit1*Cdh1	3	0.0046851	0.010876	1	5	2	-0.95285	0.52834	0.67938	0.984387	155	1	-0.95285
Nt*Tnfsf15	12	0.0062386	0.10942	1	6	8	-0.8674	0.49115	0.84839	0.984387	149	3	-0.8674
Chit1*Tnfsf15	4	0.0073977	0.031961	1	7	3	-1.1817	0.79727	0.85176	0.984387	218	1	-1.1817
Tsc2*Fcrl6	5	0.0075064	0.039547	1	8	5	-1.0963	0.99249	0.98891	0.992373	286	0	-1.0963
Tgfbr2*Fcrl6	6	0.007914	0.062384	1	9	5	-0.92451	0.93078	0.95564	0.984387	263	1	-0.92451
Sox10*Btla	3	0.013175	0.11158	1	10	3	-1.2989	0.98683	0.97483	0.985126	285	0	-1.2989
Nt*Mfap5	6	0.015822	0.084525	1	11	5	-0.98249	0.88319	0.94101	0.984387	246	1	-0.98249
Tgfbr2*Tlr7	5	0.019602	0.2101	1	12	4	-1.3567	0.79501	0.90193	0.984387	216	1	-1.3567
Tgfbr2*Tnfsf15	6	0.019616	0.084535	1	13	3	-0.78315	0.53085	0.81133	0.984387	156	2	-0.78315
Tsc2*Mfap5	4	0.019884	0.16325	1	14	4	-1.2597	0.97674	0.96267	0.984387	283	0	-1.2597
Smad4*Nt	6	0.020599	0.084535	1	15	3	-0.23338	0.19101	0.47513	0.984387	87	3	-0.23338
Stk11*Mysm1	4	0.021565	0.17861	1	16	4	-1.4071	0.97843	0.96268	0.984387	284	0	-1.4071
Smad4*Pla2r1	4	0.022744	0.17862	1	17	2	-0.22259	0.33657	0.57416	0.984387	120	2	-0.22259
Stk11*Cxcr5	2	0.023656	0.090767	1	18	2	-1.4953	0.97634	0.95614	0.984387	282	0	-1.4953
Nt*Hgf	7	0.025999	0.29146	1	19	4	-1.0282	0.57554	0.8473	0.984387	167	3	-1.0282
Smad4*Mysm1	3	0.027217	0.14443	1	20	2	-1.5622	0.73043	0.77774	0.984387	203	1	-1.5622
Sox10*Pla2g2a	5	0.027531	0.23485	1	21	5	-1.4104	0.97247	0.96949	0.984387	281	0	-1.4104
Nt*Cx3cl1	7	0.029164	0.29147	1	22	4	-0.84172	0.0051974	0.033614	0.603661	13	2	-0.84172
Smad4*Pdcd1lg2	3	0.029854	0.14443	1	23	3	-1.1128	0.97015	0.94354	0.984387	280	0	-1.1128
Tsc2*Pdcd1lg2	5	0.030674	0.23485	1	24	3	-0.582	0.10718	0.28638	0.984387	61	2	-0.582
Sox10*Cxcr5	4	0.030918	0.19553	1	25	4	-1.005	0.93956	0.93792	0.984387	266	0	-1.005
Stk11*Hgf	2	0.031239	0.10235	1	26	2	-1.185	0.96876	0.94296	0.984387	279	0	-1.185
Sox10*Nt	10	0.033346	0.2205	1	27	8	-1.3219	0.56453	0.87692	0.984387	163	1	-1.3219
Tsc2*Nt	13	0.033364	0.30795	1	28	6	-0.52095	0.14927	0.48518	0.984387	73	6	-0.52095
Tsc2*Cxcr2	2	0.034258	0.1152	1	29	2	-1.145	0.96574	0.92827	0.984387	278	0	-1.145
Tgfbr2*Muc16	4	0.035091	0.19554	1	30	3	-1.0152	0.81669	0.85176	0.984387	225	1	-1.0152
Chit1*Muc16	2	0.036163	0.1152	1	31	1	-1.0553	0.72105	0.71939	0.984387	199	0	-1.0553
Chit1*Nt	6	0.039984	0.27435	1	32	3	-0.88614	0.7182	0.89302	0.984387	198	2	-0.88614
Tgfbr2*Hgf	5	0.041756	0.24568	1	33	2	0.40127	0.38391	0.68171	0.984387	132	3	0.40127
Brca1*Mfap5	2	0.045029	0.11521	1	34	2	-1.124	0.95497	0.92826	0.984387	274	0	-1.124
Sox10*Mpeg1	3	0.048821	0.15557	1	35	3	-1.4997	0.95118	0.94353	0.984387	273	0	-1.4997
Sox10*Mysm1	1	0.049531	0.058751	1	36	1	-1.6402	0.95047	0.94125	0.984387	272	0	-1.6402
Tgfbr2*Il6	4	0.051127	0.21849	1	37	3	-0.84497	0.8685	0.90376	0.984387	241	1	-0.84497
Chit1*Mfap5	3	0.053564	0.16661	1	38	3	-1.1638	0.94644	0.9291	0.984387	271	0	-1.1638
Chit1*Tlr7	4	0.054222	0.21849	1	39	3	-1.0977	0.82017	0.86915	0.984387	226	1	-1.0977
Sox10*Cxcr2	3	0.05425	0.16661	1	40	2	-1.2034	0.83546	0.85138	0.984387	232	0	-1.2034
Sox10*Pla2r1	1	0.054745	0.088377	1	41	1	-1.2919	0.94526	0.91162	0.984387	270	0	-1.2919
Brca1*Nt	11	0.058513	0.45012	1	42	7	-0.78933	0.72523	0.9496	0.984387	200	4	-0.78933
Tgfbr2*Cxcr5	4	0.059934	0.26586	1	43	4	-0.84416	0.94007	0.93792	0.984387	268	0	-0.84416
Smad4*Mpeg1	2	0.060304	0.12995	1	44	2	-1.5085	0.9397	0.91172	0.984387	267	0	-1.5085
Nt*Mysm1	7	0.060473	0.3364	1	45	6	-0.88405	0.94007	0.97067	0.984387	269	1	-0.88405
Tsc2*Hgf	2	0.061332	0.12995	1	46	2	-0.79111	0.93867	0.91172	0.984387	265	0	-0.79111
Calml3*Mysm1	3	0.062461	0.22132	1	47	3	-1.2195	0.93754	0.89544	0.984387	264	0	-1.2195
Nt*Cdh1	17	0.062744	0.60343	1	48	12	-0.71972	0.037145	0.25109	0.957667	26	4	-0.71972
Smad4*Muc16	3	0.065761	0.22132	1	49	2	-1.1365	0.20741	0.34618	0.984387	93	1	-1.1365
Smad4*Tnfsf15	3	0.068747	0.22133	1	50	2	-1.6261	0.83733	0.85138	0.984387	234	0	-1.6261
Brca1*Tlr7	1	0.070386	0.088377	1	51	1	-1.4822	0.92961	0.91162	0.984387	262	0	-1.4822
Chit1*Cxcr5	2	0.072665	0.18455	1	52	2	-1.0634	0.84008	0.77697	0.984387	235	0	-1.0634
Nt*Cxcr5	14	0.073277	0.55894	1	53	7	-0.76272	0.61789	0.92268	0.984387	172	6	-0.76272
Sox10*Muc16	3	0.074654	0.23665	1	54	3	-1.0477	0.89907	0.87499	0.984387	254	0	-1.0477
Smad4*Tlr7	2	0.076677	0.18456	1	55	2	-1.9956	0.76439	0.74869	0.984387	209	0	-1.9956
Tgfbr2*Cdh1	6	0.081546	0.36993	1	56	3	0.10497	0.019616	0.10734	0.957667	19	3	0.10497
Brca2*Pdcd1lg2	2	0.082529	0.2199	1	57	2	-0.98023	0.91747	0.85203	0.984387	259	0	-0.98023
Krt15*Mysm1	2	0.084676	0.2199	1	58	1	-0.08446	0.62598	0.68859	0.984387	174	1	-0.08446
Tsc2*Muc16	1	0.086027	0.088387	1	59	1	-1.2914	0.91397	0.91161	0.984387	258	0	-1.2914
Krt15*Muc16	3	0.087279	0.25363	1	60	2	-0.99325	0.51494	0.67937	0.984387	152	1	-0.99325
Brca2*Fcrl6	2	0.089875	0.2199	1	61	2	-1.5519	0.91013	0.85203	0.984387	256	0	-1.5519
Brca2*Cdh1	3	0.093899	0.27286	1	62	2	-0.729	0.089474	0.23724	0.957667	53	1	-0.729
Tgfbr2*Pdcd1lg2	5	0.094362	0.33078	1	63	4	-0.52737	0.85193	0.91325	0.984387	237	1	-0.52737
Stk11*Pdcd1lg2	1	0.095412	0.11855	1	64	1	-2.393	0.90459	0.88145	0.984387	255	0	-2.393
Nt*Pdcd1lg2	8	0.09689	0.45358	1	65	5	-0.80632	0.34556	0.70232	0.984387	123	3	-0.80632
Brca1*Cxcr5	3	0.10161	0.27286	1	66	3	-0.84224	0.89839	0.87499	0.984387	253	0	-0.84224
Brca2*Hgf	1	0.10167	0.11855	1	67	1	-1.5622	0.89833	0.88145	0.984387	252	0	-1.5622
Smad4*Fcrl6	3	0.10645	0.27287	1	68	3	-1.458	0.89355	0.87498	0.984387	250	0	-1.458
Smad4*Cx3cl1	1	0.11105	0.11856	1	69	1	-1.7504	0.88895	0.88144	0.984387	249	0	-1.7504
Chit1*Fcrl6	2	0.1124	0.25587	1	70	2	-1.4112	0.82209	0.7487	0.984387	227	0	-1.4112
Nt*Cxcr2	11	0.11406	0.52979	1	71	5	-0.54694	0.16979	0.48234	0.984387	80	5	-0.54694
Sox10*Pdcd1lg2	2	0.11591	0.25587	1	72	2	-0.85848	0.88409	0.85202	0.984387	247	0	-0.85848
Tsc2*Cxcr5	3	0.11734	0.31581	1	73	3	-0.88635	0.88266	0.87498	0.984387	245	0	-0.88635
Chit1*Mysm1	3	0.12019	0.31581	1	74	2	-0.839	0.73562	0.77774	0.984387	205	1	-0.839
Stk11*Fcrl6	3	0.12422	0.31582	1	75	3	-1.1231	0.87578	0.87498	0.984387	244	0	-1.1231
Tsc2*Il6	5	0.12601	0.4241	1	76	4	-0.92877	0.96205	0.95898	0.984387	277	0	-0.92877
Brca1*Muc16	2	0.12805	0.25588	1	77	1	0.20152	0.66808	0.71938	0.984387	188	1	0.20152
Chit1*Mpeg1	2	0.1313	0.25588	1	78	2	-1.249	0.8687	0.85202	0.984387	242	0	-1.249
Brca2*Muc16	1	0.14546	0.20581	1	79	1	-0.71508	0.85454	0.79419	0.984387	239	0	-0.71508
Brca1*Il6	1	0.14755	0.20581	1	80	1	-0.77137	0.85245	0.79419	0.984387	238	0	-0.77137
Tgfbr2*Mfap5	4	0.1492	0.35819	1	81	2	0.20573	0.082025	0.17662	0.957667	49	2	0.20573
Stk11*Muc16	2	0.14934	0.29357	1	82	1	0.075738	0.35783	0.50188	0.984387	126	1	0.075738
Brca2*Cx3cl1	1	0.15068	0.20581	1	83	1	-1.1769	0.84932	0.79419	0.984387	236	0	-1.1769
Sox10*Cdh1	4	0.15852	0.44227	1	84	3	-1.03	0.89531	0.92174	0.984387	251	1	-1.03
Sox10*Tnfsf15	5	0.16492	0.46134	1	85	4	-0.71725	0.95809	0.95898	0.984387	276	0	-0.71725
Brca1*Fcrl6	3	0.16544	0.3765	1	86	2	-1.0435	0.76773	0.82712	0.984387	211	1	-1.0435
Tsc2*Btla	3	0.16654	0.3765	1	87	2	-0.53353	0.82783	0.85137	0.984387	230	0	-0.53353
Brca2*Tlr7	2	0.17008	0.31576	1	88	2	-1.6514	0.82992	0.77696	0.984387	231	0	-1.6514
Brca2*Nt	9	0.17062	0.55033	1	89	6	-0.67622	0.41523	0.77593	0.984387	140	3	-0.67622
Brca1*Cxcr2	4	0.1767	0.46305	1	90	2	-0.27604	0.46996	0.69824	0.984387	148	2	-0.27604
Stk11*Il6	2	0.17794	0.36778	1	91	1	-0.448	0.55949	0.59598	0.984387	162	1	-0.448
Stk11*Mpeg1	3	0.18625	0.44074	1	92	2	-1.1893	0.74954	0.77775	0.984387	208	1	-1.1893
Krt15*Fcrl6	1	0.18717	0.26564	1	93	1	-1.4572	0.81283	0.73436	0.984387	223	0	-1.4572
Tgfbr2*Pla2r1	4	0.19102	0.46306	1	94	1	0.086717	0.32422	0.57415	0.984387	115	2	0.086717
Smad4*Cxcr2	3	0.19253	0.44074	1	95	2	-1.364	0.87343	0.87498	0.984387	243	0	-1.364
Pten*Mysm1	1	0.1976	0.26564	1	96	1	-1.0303	0.8024	0.73436	0.984387	221	0	-1.0303
Brca1*Tnfsf15	1	0.19969	0.26564	1	97	1	-1.1611	0.80031	0.73436	0.984387	220	0	-1.1611
Sox10*Fcrl6	2	0.20152	0.36779	1	98	2	-0.99738	0.79848	0.7487	0.984387	219	0	-0.99738
Nt*Muc16	11	0.20226	0.65177	1	99	6	-0.76134	0.016416	0.11126	0.957667	18	5	-0.76134
Smad4*Cxcr5	2	0.20234	0.36779	1	100	1	-0.52889	0.68586	0.71938	0.984387	191	0	-0.52889
Krt15*Mfap5	1	0.2049	0.26565	1	101	1	-1.5163	0.7951	0.73435	0.984387	217	0	-1.5163
Kit*Il6	3	0.20532	0.44074	1	102	2	-1.1983	0.65669	0.72917	0.984387	182	1	-1.1983
Chit1*Pdcd1lg2	3	0.21008	0.44074	1	103	2	-0.63492	0.27505	0.4431	0.984387	106	1	-0.63492
Brca1*Pdcd1lg2	1	0.21741	0.26565	1	104	1	-0.87365	0.78259	0.73435	0.984387	214	0	-0.87365
Krt15*Pdcd1lg2	2	0.22362	0.36779	1	105	2	-0.65331	0.77638	0.74869	0.984387	213	0	-0.65331
Tgfbr2*Mysm1	5	0.22417	0.52459	1	106	2	-0.50048	0.55806	0.78408	0.984387	161	1	-0.50048
Tsc2*Cx3cl1	3	0.22499	0.44075	1	107	2	-0.65472	0.50326	0.67937	0.984387	150	1	-0.65472
Nt*Tlr7	11	0.22514	0.68466	1	108	7	-0.9098	0.086476	0.36082	0.984387	50	4	-0.9098
Krt15*Tnfsf15	3	0.22602	0.44075	1	109	2	-1.2015	0.78725	0.82713	0.984387	215	1	-1.2015
Krt15*Cxcr5	1	0.22784	0.29504	1	110	1	-0.9346	0.77216	0.70496	0.984387	212	0	-0.9346
Tgfbr2*Cxcr2	2	0.23003	0.3979	1	111	1	-0.2307	0.37773	0.50188	0.984387	128	1	-0.2307
Rb1*Tnfsf15	2	0.23259	0.3979	1	112	2	-1.3214	0.76741	0.74869	0.984387	210	0	-1.3214
Kit*Mfap5	4	0.23288	0.54075	1	113	1	1.1341	0.11947	0.2968	0.984387	66	3	1.1341
Calml3*Cx3cl1	1	0.25912	0.29505	1	114	1	-1.3657	0.74088	0.70495	0.984387	207	0	-1.3657
Stk11*Tlr7	1	0.26747	0.38361	1	115	1	-1.541	0.73253	0.61639	0.984387	204	0	-1.541
Smad4*Il6	1	0.27059	0.38361	1	116	1	-1.3402	0.72941	0.61639	0.984387	202	0	-1.3402
Rb1*Tlr7	1	0.28519	0.38361	1	117	1	-1.5738	0.71481	0.61639	0.984387	196	0	-1.5738
Nt*Il6	11	0.28596	0.73696	1	118	6	-0.69585	0.50568	0.85395	0.984387	151	3	-0.69585
Serpinb5*Cdh1	4	0.29245	0.60607	1	119	3	-0.60238	0.8862	0.92174	0.984387	248	1	-0.60238
Brca1*Mpeg1	1	0.29771	0.38361	1	120	1	-0.91094	0.70229	0.61639	0.984387	194	0	-0.91094
Stk11*Cxcr2	4	0.30163	0.60607	1	121	3	-1.2268	0.92157	0.92175	0.984387	260	0	-1.2268
Tgfbr2*Cx3cl1	1	0.30813	0.38361	1	122	1	-1.1463	0.69187	0.61639	0.984387	192	0	-1.1463
Brca2*Mysm1	4	0.3117	0.60608	1	123	2	-0.88249	0.91052	0.92175	0.984387	257	0	-0.88249
Serpinb5*Mysm1	2	0.31191	0.45562	1	124	1	-0.20899	0.6066	0.6268	0.984387	170	1	-0.20899
Tsc2*Mpeg1	3	0.31476	0.49868	1	125	2	-0.65569	0.71037	0.7534	0.984387	195	1	-0.65569
Nt*Mpeg1	9	0.31834	0.75402	1	126	5	-0.63911	0.10448	0.34221	0.984387	59	4	-0.63911
Clca2*Tlr7	1	0.32795	0.38362	1	127	1	-0.97987	0.67205	0.61638	0.984387	189	0	-0.97987
Brca2*Mfap5	2	0.33252	0.48493	1	128	1	-0.20836	0.15893	0.26223	0.957667	78	1	-0.20836
Calml3*Fcrl6	1	0.33316	0.38362	1	129	1	-1.1535	0.66684	0.61638	0.984387	187	0	-1.1535
Kit*Tnfsf15	1	0.33629	0.38362	1	130	1	-1.2944	0.66371	0.61638	0.984387	184	0	-1.2944
Rb1*Mfap5	1	0.33733	0.38362	1	131	1	-1.5522	0.66267	0.61638	0.984387	183	0	-1.5522
Brca1*Mysm1	5	0.34093	0.6554	1	132	3	-0.93145	0.82661	0.90194	0.984387	229	1	-0.93145
Brca1*Cx3cl1	1	0.34567	0.38362	1	133	1	-0.81243	0.65433	0.61638	0.984387	181	0	-0.81243
Tgfbr2*Mpeg1	2	0.34608	0.5137	1	134	1	-0.069295	0.23552	0.37938	0.984387	98	1	-0.069295
Brca2*Cxcr5	1	0.34776	0.38362	1	135	1	-0.87322	0.65224	0.61638	0.984387	180	0	-0.87322
Smad4*Mfap5	4	0.34977	0.63146	1	136	2	-0.14283	0.44229	0.67192	0.984387	144	2	-0.14283
Pten*Cxcr5	1	0.35193	0.38362	1	137	1	-1.4934	0.64807	0.61638	0.984387	179	0	-1.4934
Kit*Cdh1	2	0.35281	0.5137	1	138	1	-0.06858	0.38101	0.50188	0.984387	130	1	-0.06858
Calml3*Btla	3	0.35335	0.58192	1	139	2	-1.1602	0.3896	0.62989	0.984387	136	1	-1.1602
Clca2*Mfap5	1	0.36027	0.38362	1	140	1	-1.207	0.63973	0.61638	0.984387	178	0	-1.207
Brca2*Pla2g2a	3	0.36693	0.58193	1	141	2	-1.1158	0.82491	0.85137	0.984387	228	0	-1.1158
Chit1*Pla2r1	5	0.37665	0.68139	1	142	2	0.30393	0.38202	0.6543	0.984387	131	3	0.30393
Tgfbr2*Btla	4	0.37847	0.63147	1	143	2	0.1315	0.073687	0.17661	0.957667	42	2	0.1315
Sox10*Mfap5	2	0.38101	0.51371	1	144	1	-0.86285	0.71774	0.71939	0.984387	197	0	-0.86285
Rb1*Il6	1	0.38738	0.44191	1	145	1	-1.4102	0.61262	0.55809	0.984387	171	0	-1.4102
Tsc2*Tlr7	5	0.3896	0.7062	1	146	3	-0.80668	0.95641	0.95898	0.984387	275	0	-0.80668
Pten*Cxcr2	2	0.39245	0.51371	1	147	1	0.30501	0.094625	0.20206	0.957667	55	1	0.30501
Chit1*Cxcr2	1	0.39572	0.47213	1	148	1	-1.4358	0.60428	0.52787	0.984387	169	0	-1.4358
Smad4*Hgf	3	0.39742	0.65558	1	149	2	-0.84507	0.080629	0.23723	0.957667	47	1	-0.84507
Calml3*Cxcr2	1	0.41762	0.50195	1	150	1	-1.9095	0.58238	0.49805	0.984387	168	0	-1.9095
Pten*Mfap5	1	0.42805	0.50195	1	151	1	-1.3298	0.57195	0.49805	0.984387	166	0	-1.3298
Rb1*Mysm1	1	0.43326	0.50195	1	152	1	-1.2546	0.56674	0.49805	0.984387	165	0	-1.2546
Stk11*Cx3cl1	1	0.44265	0.50195	1	153	1	-1.6088	0.55735	0.49805	0.984387	160	0	-1.6088
Stk11*Cdh1	6	0.44465	0.78034	1	154	3	-0.12874	0.13277	0.33731	0.984387	68	3	-0.12874
Serpinb5*Tlr7	1	0.44578	0.50195	1	155	1	-0.89096	0.55422	0.49805	0.984387	159	0	-0.89096
Rb1*Cdh1	1	0.44995	0.50195	1	156	1	-1.1816	0.55005	0.49805	0.984387	157	0	-1.1816
Chek2*Mysm1	2	0.4588	0.60105	1	157	1	-0.058614	0.42452	0.50189	0.984387	141	1	-0.058614
Chit1*Btla	3	0.46504	0.69985	1	158	1	-0.40534	0.55255	0.67938	0.984387	158	1	-0.40534
Stk11*Mfap5	4	0.47179	0.70667	1	159	2	-0.65599	0.24646	0.46373	0.984387	99	1	-0.65599
Clca2*Cxcr2	1	0.48332	0.50196	1	160	1	-1.1303	0.51668	0.49804	0.984387	153	0	-1.1303
Apc*Cdh1	2	0.48457	0.63009	1	161	1	0.059383	0.34776	0.50188	0.984387	124	1	0.059383
Pten*Tlr7	3	0.48539	0.69985	1	162	1	1.089	0.1047	0.25907	0.957667	60	2	1.089
Tsc2*Pla2g2a	2	0.49351	0.63009	1	163	1	-0.036551	0.56501	0.59598	0.984387	164	1	-0.036551
Brca2*Btla	2	0.50091	0.63009	1	164	1	-0.10464	0.38429	0.50189	0.984387	134	1	-0.10464
Nt*Pla2g2a	8	0.50553	0.85107	1	165	3	0.081163	0.332	0.70231	0.984387	118	4	0.081163
Nt*Pla2r1	13	0.52586	0.9289	1	166	3	1.2212	0.0025049	0.031165	0.603661	10	10	1.2212
Pten*Fcrl6	2	0.53422	0.6301	1	167	1	0.78222	0.15701	0.26223	0.957667	77	1	0.78222
Krt15*Cxcr2	3	0.53588	0.72123	1	168	1	-0.9526	0.67329	0.75339	0.984387	190	1	-0.9526
Tsc2*Pla2r1	3	0.54148	0.72123	1	169	1	0.64504	0.3221	0.55085	0.984387	114	2	0.64504
Krt15*Pla2r1	3	0.54888	0.72123	1	170	1	1.6643	0.034259	0.085729	0.914439	24	2	1.6643
Smad4*Cdh1	3	0.55255	0.72123	1	171	1	1.0798	0.063692	0.15687	0.957667	36	2	1.0798
Serpinb5*Tnfsf15	1	0.55318	0.53105	1	172	0	-0.36851	0.44682	0.46895	0.984387	145	0	-0.36851
Chit1*Il6	2	0.55671	0.6301	1	173	1	-0.0034425	0.46339	0.53297	0.984387	146	1	-0.0034425
Chek2*Fcrl6	3	0.55802	0.72123	1	174	1	0.95117	0.3	0.50043	0.984387	109	2	0.95117
Nt*Btla	14	0.55918	0.95129	1	175	5	0.78259	0.023482	0.16996	0.957667	22	8	0.78259
Pten*Tnfsf15	1	0.56674	0.53105	1	176	0	0.55808	0.43326	0.46895	0.984387	143	1	0.55808
Chek2*Muc16	2	0.56775	0.6301	1	177	1	0.018922	0.63106	0.68859	0.984387	176	1	0.018922
Clca2*Il6	1	0.56778	0.53105	1	178	0	0.33705	0.43222	0.46895	0.984387	142	1	0.33705
Brca1*Hgf	3	0.56882	0.72124	1	179	1	0.69668	0.13098	0.30309	0.984387	67	2	0.69668
Brca1*Pla2r1	2	0.58539	0.6301	1	180	1	0.34122	0.26441	0.41085	0.984387	105	1	0.34122
Clca2*Muc16	2	0.59208	0.6301	1	181	1	-0.46331	0.28924	0.44122	0.984387	108	1	-0.46331
Sox10*Hgf	4	0.59867	0.81978	1	182	2	-0.81733	0.92581	0.92175	0.984387	261	0	-0.81733
Kit*Tlr7	1	0.6001	0.56048	1	183	0	0.60737	0.3999	0.43952	0.984387	139	1	0.60737
Brca1*Btla	3	0.60017	0.76457	1	184	1	-0.42954	0.81085	0.85137	0.984387	222	1	-0.42954
Stk11*Pla2g2a	1	0.60428	0.56049	1	185	0	0.86677	0.39572	0.43951	0.984387	138	1	0.86677
Apc*Mpeg1	1	0.61262	0.56049	1	186	0	1.1268	0.38738	0.43951	0.984387	135	1	1.1268
Clca2*Pdcd1lg2	2	0.6157	0.65978	1	187	1	0.033877	0.63611	0.6886	0.984387	177	1	0.033877
Apc*Mysm1	1	0.61575	0.56049	1	188	0	0.81274	0.38425	0.43951	0.984387	133	1	0.81274
Smad4*Btla	1	0.61992	0.56049	1	189	0	0.97462	0.38008	0.43951	0.984387	129	1	0.97462
Apc*Tnfsf15	1	0.6439	0.61932	1	190	0	1.7727	0.3561	0.38068	0.984387	125	1	1.7727
Stk11*Tnfsf15	2	0.64486	0.71873	1	191	1	-1.0539	0.69859	0.71939	0.984387	193	0	-1.0539
Kit*Cxcr5	1	0.6585	0.64856	1	192	0	0.73843	0.3415	0.35144	0.984387	122	1	0.73843
Chek2*Il6	1	0.6658	0.64856	1	193	0	1.9786	0.3342	0.35144	0.984387	119	1	1.9786
Sox10*Tlr7	2	0.66688	0.74831	1	194	1	0.12701	0.25364	0.41084	0.984387	101	1	0.12701
Calml3*Pdcd1lg2	4	0.6701	0.8344	1	195	2	-0.52644	0.28614	0.48538	0.984387	107	1	-0.52644
Kit*Mysm1	4	0.67329	0.8344	1	196	2	-1.0181	0.83576	0.86916	0.984387	233	1	-1.0181
Apc*Muc16	1	0.67518	0.64856	1	197	0	1.5399	0.32482	0.35144	0.984387	117	1	1.5399
Serpinb5*Btla	2	0.67999	0.74831	1	198	1	-0.030539	0.66447	0.71938	0.984387	185	1	-0.030539
Chek2*Cx3cl1	1	0.68352	0.64857	1	199	0	1.1964	0.31648	0.35143	0.984387	113	1	1.1964
Chit1*Hgf	3	0.68646	0.78609	1	200	1	-0.49266	0.74074	0.77775	0.984387	206	1	-0.49266
Clca2*Cx3cl1	1	0.69082	0.64857	1	201	0	1.1831	0.30918	0.35143	0.984387	112	1	1.1831
Calml3*Hgf	1	0.69291	0.64857	1	202	0	1.2228	0.30709	0.35143	0.984387	111	1	1.2228
Chek2*Cdh1	2	0.69399	0.74831	1	203	1	1.236	0.52132	0.59597	0.984387	154	1	1.236
Rb1*Mpeg1	1	0.69708	0.64857	1	204	0	0.98067	0.30292	0.35143	0.984387	110	1	0.98067
Brca2*Il6	2	0.71105	0.74832	1	205	1	0.084921	0.25724	0.41084	0.984387	103	1	0.084921
Clca2*Tnfsf15	2	0.72105	0.74832	1	206	1	-0.5919	0.66568	0.71938	0.984387	186	1	-0.5919
Tgfbr2*Nt	10	0.73579	0.95287	1	207	3	0.9025	0.037323	0.17834	0.957667	27	7	0.9025
Chek2*Cxcr2	1	0.74088	0.70677	1	208	0	2.2987	0.25912	0.29323	0.984387	104	1	2.2987
Rb1*Btla	3	0.74328	0.78609	1	209	1	0.76722	0.33839	0.55086	0.984387	121	2	0.76722
Kit*Cx3cl1	1	0.744	0.70678	1	210	0	0.84752	0.256	0.29322	0.984387	102	1	0.84752
Rb1*Cxcr2	1	0.7513	0.70678	1	211	0	0.78565	0.2487	0.29322	0.984387	100	1	0.78565
Tsc2*Cdh1	5	0.75145	0.90489	1	212	2	0.89159	0.32449	0.5798	0.984387	116	3	0.89159
Stk11*Pla2r1	2	0.76641	0.77663	1	213	0	0.24486	0.17416	0.31704	0.984387	82	1	0.24486
Serpinb5*Mfap5	2	0.77042	0.77663	1	214	0	-0.86832	0.72544	0.71939	0.984387	201	0	-0.86832
Apc*Pla2r1	4	0.77634	0.87937	1	215	1	1.8187	0.14282	0.386	0.984387	72	3	1.8187
Apc*Cxcr2	1	0.77946	0.73639	1	216	0	1.4896	0.22054	0.26361	0.957667	97	1	1.4896
Krt15*Hgf	1	0.78154	0.73639	1	217	0	1.1127	0.21846	0.26361	0.957667	96	1	1.1127
Chek2*Pdcd1lg2	2	0.78805	0.77663	1	218	0	0.99221	0.062596	0.1283	0.957667	35	1	0.99221
Kit*Muc16	4	0.7883	0.87938	1	219	1	0.47412	0.10103	0.27345	0.981018	57	2	0.47412
Clca2*Hgf	1	0.78989	0.7364	1	220	0	1.4341	0.21011	0.2636	0.957667	95	1	1.4341
Serpinb5*Cxcr5	1	0.79301	0.7364	1	221	0	1.6268	0.20699	0.2636	0.957667	92	1	1.6268
Calml3*Cxcr5	1	0.79823	0.7364	1	222	0	0.98959	0.20177	0.2636	0.957667	91	1	0.98959
Calml3*Pla2r1	1	0.80344	0.7364	1	223	0	1.2618	0.19656	0.2636	0.957667	89	1	1.2618
Serpinb5*Mpeg1	1	0.81074	0.7364	1	224	0	1.2251	0.18926	0.2636	0.957667	86	1	1.2251
Apc*Mfap5	1	0.81178	0.7364	1	225	0	1.6849	0.18822	0.2636	0.957667	85	1	1.6849
Krt15*Cdh1	2	0.81498	0.77664	1	226	0	3.6901	0.07868	0.18553	0.957667	45	2	3.6901
Krt15*Tlr7	1	0.81595	0.76554	1	227	0	1.8459	0.18405	0.23446	0.957667	84	1	1.8459
Pten*Pdcd1lg2	1	0.81804	0.76554	1	228	0	0.99199	0.18196	0.23446	0.957667	83	1	0.99199
Apc*Tlr7	2	0.83841	0.80365	1	229	0	1.0706	0.16159	0.26223	0.957667	79	2	1.0706
Kit*Btla	3	0.84012	0.87515	1	230	1	0.71386	0.17207	0.32339	0.984387	81	2	0.71386
Pten*Il6	2	0.84423	0.80366	1	231	0	0.93971	0.15577	0.26223	0.957667	76	2	0.93971
Krt15*Cx3cl1	1	0.84515	0.79486	1	232	0	1.1899	0.15485	0.20514	0.957667	75	1	1.1899
Chek2*Pla2g2a	2	0.84831	0.80366	1	233	0	1.7354	0.15169	0.26222	0.957667	74	2	1.7354
Clca2*Pla2r1	2	0.85947	0.85264	1	234	0	1.877	0.14053	0.21983	0.957667	71	2	1.877
Apc*Pdcd1lg2	1	0.86705	0.85309	1	235	0	1.5801	0.13295	0.14691	0.957667	70	1	1.5801
Rb1*Pla2r1	2	0.86718	0.85264	1	236	0	1.5311	0.13282	0.21983	0.957667	69	2	1.5311
Clca2*Cdh1	3	0.87025	0.87516	1	237	1	0.70809	0.39282	0.62989	0.984387	137	2	0.70809
Apc*Pla2g2a	2	0.87393	0.85265	1	238	0	2.4831	0.092639	0.20206	0.957667	54	2	2.4831
Brca2*Cxcr2	3	0.875	0.87516	1	239	1	1.054	0.19507	0.34617	0.984387	88	2	1.054
Chit1*Cx3cl1	3	0.87578	0.87516	1	240	0	-0.57967	0.62995	0.72916	0.984387	175	1	-0.57967
Calml3*Cdh1	2	0.88123	0.87371	1	241	0	0.70251	0.11877	0.20207	0.957667	65	2	0.70251
Serpinb5*Hgf	2	0.8848	0.87371	1	242	0	1.4143	0.1152	0.20207	0.957667	63	2	1.4143
Krt15*Mpeg1	3	0.88637	0.89582	1	243	0	1.117	0.19934	0.34618	0.984387	90	2	1.117
Pten*Cdh1	5	0.89021	0.93154	1	244	1	9.3602	7.1225e-08	4.9776e-06	0.000714	1	4	9.3602
Kit*Pdcd1lg2	2	0.89245	0.87371	1	245	0	0.84709	0.10755	0.20207	0.957667	62	2	0.84709
Apc*Hgf	2	0.89785	0.87372	1	246	0	1.1357	0.10215	0.20206	0.957667	58	2	1.1357
Kit*Mpeg1	5	0.89966	0.93154	1	247	1	1.639	0.02077	0.093574	0.926059	20	4	1.639
Chit1*Pla2g2a	1	0.90459	0.88206	1	248	0	1.3782	0.095412	0.11794	0.957667	56	1	1.3782
Clca2*Pla2g2a	1	0.91084	0.91079	1	249	0	2.9412	0.089155	0.089214	0.914439	52	1	2.9412
Stk11*Btla	1	0.91189	0.9108	1	250	0	0.99316	0.088113	0.089204	0.914439	51	1	0.99316
Brca2*Pla2r1	3	0.91388	0.89583	1	251	0	0.64987	0.37755	0.62989	0.984387	127	2	0.64987
Pten*Pla2g2a	2	0.91926	0.89363	1	252	0	1.6002	0.080741	0.18553	0.957667	48	2	1.6002
Brca2*Mpeg1	3	0.921	0.89583	1	253	0	1.1942	0.079005	0.23723	0.957667	46	3	1.1942
Calml3*Pla2g2a	4	0.92157	0.93819	1	254	1	0.86199	0.20909	0.46372	0.984387	94	3	0.86199
Serpinb5*Pla2r1	2	0.92335	0.89363	1	255	0	1.5794	0.076646	0.18553	0.957667	44	2	1.5794
Rb1*Pdcd1lg2	1	0.92336	0.93991	1	256	0	1.7782	0.076642	0.060095	0.773975	43	1	1.7782
Rb1*Nt	5	0.92352	0.95882	1	257	1	1.0385	0.11569	0.28639	0.984387	64	3	1.0385
Rb1*Muc16	1	0.92649	0.93991	1	258	0	2.4728	0.073514	0.060095	0.773975	41	1	2.4728
Apc*Cxcr5	3	0.93039	0.91396	1	259	0	0.78979	0.069612	0.15688	0.957667	40	3	0.78979
Pten*Cx3cl1	3	0.93352	0.91396	1	260	0	5.0458	0.0012236	0.00333	0.145102	7	3	5.0458
Chek2*Mpeg1	2	0.93393	0.91263	1	261	0	1.7988	0.066069	0.1283	0.957667	38	2	1.7988
Krt15*Btla	2	0.93606	0.91263	1	262	0	1.1136	0.063942	0.1283	0.957667	37	2	1.1136
Pten*Mpeg1	2	0.94021	0.92881	1	263	0	3.134	0.059793	0.11386	0.957667	33	2	3.134
Clca2*Fcrl6	1	0.94317	0.93992	1	264	0	2.4502	0.05683	0.060085	0.773975	32	1	2.4502
Chek2*Btla	3	0.94418	0.91397	1	265	0	0.99717	0.055817	0.13826	0.957667	31	3	0.99717
Calml3*Nt	5	0.94571	0.9679	1	266	1	1.216	0.059956	0.16165	0.957667	34	4	1.216
Tgfbr2*Pla2g2a	1	0.9463	0.93992	1	267	0	2.2154	0.053702	0.060085	0.773975	30	1	2.2154
Kit*Pla2g2a	3	0.94906	0.94361	1	268	0	0.99833	0.05094	0.11401	0.957667	29	3	0.99833
Kit*Fcrl6	2	0.95318	0.92882	1	269	0	1.0028	0.046817	0.071195	0.851369	28	2	1.0028
Apc*Btla	3	0.96302	0.95541	1	270	0	1.2695	0.036979	0.085739	0.914439	25	3	1.2695
Clca2*Mpeg1	3	0.97577	0.96548	1	271	0	3.1624	0.024229	0.062026	0.773975	23	3	3.1624
Pten*Pla2r1	2	0.97666	0.95668	1	272	0	1.8069	0.023337	0.04332	0.690714	21	2	1.8069
Pten*Hgf	5	0.98177	0.97611	1	273	0	0.85785	0.067088	0.17773	0.957667	39	4	0.85785
Serpinb5*Il6	3	0.98611	0.98082	1	274	0	2.2885	0.0059859	0.021339	0.471099	15	3	2.2885
Apc*Cx3cl1	3	0.98647	0.98082	1	275	0	3.571	0.0020835	0.0055102	0.197679	9	3	3.571
Krt15*Nt	6	0.99289	0.98899	1	276	0	0.90986	0.007107	0.037218	0.628319	17	6	0.90986
Clca2*Nt	6	0.99394	0.98899	1	277	0	1.623	0.0060619	0.033654	0.603661	16	6	1.623
Kit*Pla2r1	4	0.9948	0.99239	1	278	0	1.5844	0.005198	0.020582	0.471099	14	4	1.5844
Pten*Btla	4	0.99584	0.9924	1	279	0	4.0253	0.00046581	0.0026332	0.145102	6	4	4.0253
Chek2*Nt	6	0.99718	0.99703	1	280	0	1.2617	0.0028218	0.01437	0.374935	12	6	1.2617
Serpinb5*Nt	5	0.99731	0.99402	1	281	0	1.0144	0.002685	0.013325	0.374935	11	5	1.0144
Kit*Hgf	6	0.99792	0.99704	1	282	0	1.2619	0.0020752	0.01436	0.374935	8	6	1.2619
Apc*Nt	10	0.9985	0.99899	1	283	1	2.1668	0.00013046	0.0022051	0.145102	3	9	2.1668
Kit*Nt	7	0.99961	0.99925	1	284	0	1.2297	0.00039014	0.0035391	0.145102	5	7	1.2297
Pten*Muc16	2	0.99983	1	1	285	0	8.1928	0.0001699	4.9776e-06	0.000714	4	2	8.1928
Pten*Nt	7	0.99999	0.99994	1	286	0	2.4532	6.0925e-06	9.4574e-05	0.009048	2	7	2.4532
