id	num	neg|score	neg|p-value	neg|fdr	neg|rank	neg|goodsgrna	neg|lfc	pos|score	pos|p-value	pos|fdr	pos|rank	pos|goodsgrna	pos|lfc
Sox10*Mpeg1	5	0.00011608	0.0047143	0.460349	1	5	-1.794	0.99988	0.99996	1.0	323	0	-1.794
Sox10*Cxcr2	6	0.00041578	0.0079301	0.460349	2	6	-1.8448	0.99958	0.99968	1.0	322	0	-1.8448
Tsc2*Tnfsf15	6	0.00054576	0.0082387	0.460349	3	5	-1.6281	0.93723	0.94646	1.0	303	1	-1.6281
Stk11*Fcrl6	8	0.00071998	0.01469	0.460349	4	8	-1.2872	0.99928	0.9995	1.0	321	0	-1.2872
Stk11*Nt	14	0.00077133	0.037958	0.559018	5	10	-0.84378	0.70632	0.93179	1.0	259	4	-0.84378
Pten*Cxcr5	7	0.00093405	0.011415	0.460349	6	7	-1.438	0.99907	0.99976	1.0	320	0	-1.438
Sox10*Nt	18	0.0011754	0.014133	0.460349	7	11	-1.3155	0.22681	0.56705	1.0	147	7	-1.3155
Nt*Fcrl6	17	0.001206	0.054057	0.648686	8	10	-0.98227	0.92574	0.99075	1.0	298	6	-0.98227
Smad4*Fcrl6	5	0.0013912	0.0081392	0.460349	9	5	-1.4578	0.99731	0.99761	1.0	319	0	-1.4578
Sox10*Mysm1	8	0.0018004	0.01705	0.460349	10	5	-0.56786	0.14012	0.32941	0.882045	114	3	-0.56786
Sox10*Tnfsf15	9	0.0021455	0.024089	0.487802	11	7	-1.7386	0.75882	0.91796	1.0	272	2	-1.7386
Sox10*Pla2g2a	5	0.0028357	0.0088162	0.460349	12	5	-2.7806	0.99254	0.99393	1.0	316	0	-2.7806
Chit1*Fcrl6	6	0.0029662	0.014999	0.460349	13	6	-1.3532	0.99703	0.99777	1.0	318	0	-1.3532
Stk11*Il6	8	0.0033793	0.023601	0.487802	14	7	-0.90889	0.73153	0.88893	1.0	265	1	-0.90889
Smad4*Tnfsf15	6	0.0034751	0.015895	0.460349	15	4	-0.85589	0.50347	0.74666	1.0	220	2	-0.85589
Sox10*Tlr7	6	0.0040569	0.015905	0.460349	16	4	-1.8985	0.895	0.92368	1.0	295	2	-1.8985
Tsc2*Mysm1	7	0.0047202	0.028699	0.535253	17	4	-0.56982	0.1305	0.25706	0.82402	108	3	-0.56982
Tsc2*Tlr7	6	0.005722	0.03297	0.535253	18	5	-1.2738	0.92629	0.94646	1.0	299	1	-1.2738
Stk11*Mysm1	7	0.0065756	0.04881	0.630707	19	3	0.67069	0.51527	0.76476	1.0	223	4	0.67069
Sox10*Cxcr5	8	0.0066013	0.030421	0.535253	20	7	-1.6949	0.96927	0.97898	1.0	307	1	-1.6949
Stk11*Cxcr5	8	0.0068263	0.034692	0.535253	21	4	0.046765	0.26906	0.57517	1.0	158	4	0.046765
Stk11*Cxcr2	4	0.0075324	0.020017	0.487802	22	3	-2.2884	0.76994	0.80758	1.0	274	1	-2.2884
Sox10*Fcrl6	7	0.0080631	0.049905	0.630707	23	6	-1.3121	0.99123	0.98806	1.0	315	1	-1.3121
Tgfbr2*Pdcd1lg2	3	0.0093387	0.069977	0.731374	24	3	-1.4903	0.99066	0.99468	1.0	314	0	-1.4903
Pten*Cxcr2	7	0.011247	0.050612	0.630707	25	5	-1.6689	0.50737	0.76475	1.0	221	2	-1.6689
Tsc2*Pdcd1lg2	4	0.011469	0.022038	0.487802	26	4	-1.1857	0.98853	0.99173	1.0	313	0	-1.1857
Tsc2*Mpeg1	5	0.011605	0.033956	0.535253	27	5	-0.94902	0.9884	0.99193	1.0	312	0	-0.94902
Tsc2*Mfap5	7	0.013351	0.059364	0.668131	28	5	-1.8635	0.85199	0.91738	1.0	286	2	-1.8635
Rb1*Tlr7	5	0.013719	0.040188	0.566129	29	5	-1.2209	0.98628	0.98973	1.0	310	0	-1.2209
Nt*Tnfsf15	17	0.014838	0.11598	0.963565	30	10	-0.71749	0.54226	0.8758	1.0	232	7	-0.71749
Tsc2*Cxcr2	6	0.016274	0.059802	0.668131	31	5	-1.4707	0.54423	0.76358	1.0	233	1	-1.4707
Tgfbr2*Cdh1	7	0.016561	0.067408	0.728011	32	3	1.1961	0.17652	0.42323	0.993469	131	4	1.1961
Kit*Mysm1	6	0.020119	0.15316	0.976893	33	4	-1.5818	0.38168	0.62724	1.0	191	2	-1.5818
Krt15*Fcrl6	7	0.020964	0.1808	0.976893	34	6	-0.98988	0.65676	0.85029	1.0	249	1	-0.98988
Sox10*Cx3cl1	9	0.021634	0.098034	0.938283	35	7	-1.4333	0.19378	0.4222	0.993469	135	2	-1.4333
Tsc2*Cxcr5	7	0.021672	0.1808	0.976893	36	4	-0.48315	0.15151	0.30399	0.841811	119	3	-0.48315
Rb1*Cxcr5	4	0.021848	0.1119	0.963565	37	4	-1.4516	0.97815	0.97824	1.0	309	0	-1.4516
Stk11*Pdcd1lg2	4	0.022544	0.11191	0.963565	38	3	-1.7388	0.71679	0.79626	1.0	263	1	-1.7388
Tsc2*Nt	19	0.023299	0.15275	0.976893	39	8	0.95109	0.18503	0.52877	1.0	132	11	0.95109
Pten*Nt	20	0.023841	0.15372	0.976893	40	11	-0.97223	2.7566e-05	0.0010305	0.093145	3	9	-0.97223
Smad4*Mpeg1	6	0.025403	0.16488	0.976893	41	3	0.34956	0.35516	0.60056	1.0	184	3	0.34956
Smad4*Mysm1	5	0.025634	0.15594	0.976893	42	3	-1.4181	0.45461	0.71551	1.0	208	2	-1.4181
Stk11*Btla	6	0.025708	0.16488	0.976893	43	4	-0.95689	0.11684	0.25823	0.82402	101	2	-0.95689
Pten*Pla2g2a	8	0.026776	0.21347	0.976893	44	6	-1.7686	0.83581	0.92912	1.0	279	2	-1.7686
Brca2*Tlr7	8	0.027194	0.21348	0.976893	45	6	-1.066	0.88148	0.94725	1.0	292	2	-1.066
Sox10*Il6	8	0.028056	0.21348	0.976893	46	5	-1.2567	0.4341	0.70577	1.0	206	3	-1.2567
Sox10*Btla	3	0.028423	0.098462	0.938283	47	3	-1.2614	0.97158	0.97331	1.0	308	0	-1.2614
Krt15*Tnfsf15	6	0.028758	0.16724	0.976893	48	3	0.060314	0.37624	0.62724	1.0	189	3	0.060314
Chek2*Mfap5	5	0.029028	0.15595	0.976893	49	4	-1.5856	0.28403	0.50028	1.0	162	1	-1.5856
Tgfbr2*Mysm1	8	0.029316	0.22079	0.976893	50	6	-0.77671	0.89339	0.94726	1.0	294	2	-0.77671
Smad4*Cxcr2	7	0.029814	0.19203	0.976893	51	4	-0.6014	0.81237	0.90934	1.0	277	3	-0.6014
Krt15*Cxcr2	7	0.029877	0.19203	0.976893	52	6	-0.99348	0.99394	0.9911	1.0	317	1	-0.99348
Brca1*Cxcr5	3	0.030608	0.098462	0.938283	53	2	-1.0347	0.14323	0.29923	0.841811	117	1	-1.0347
Brca1*Mysm1	7	0.030893	0.19646	0.976893	54	6	-1.2077	0.92253	0.95564	1.0	296	1	-1.2077
Tgfbr2*Muc16	6	0.038555	0.18738	0.976893	55	2	0.67258	0.39968	0.65496	1.0	199	4	0.67258
Chit1*Cxcr2	4	0.039812	0.14419	0.976893	56	3	-1.3162	0.2137	0.40022	0.993469	143	1	-1.3162
Tgfbr2*Fcrl6	5	0.040978	0.1627	0.976893	57	3	-0.23809	0.50787	0.71552	1.0	222	2	-0.23809
Rb1*Fcrl6	3	0.042462	0.10739	0.963565	58	3	-1.3663	0.95754	0.9733	1.0	306	0	-1.3663
Kit*Fcrl6	7	0.042746	0.22872	0.976893	59	4	-1.5751	0.67341	0.8503	1.0	252	3	-1.5751
Apc*Mfap5	4	0.043404	0.15526	0.976893	60	3	-2.0952	0.93059	0.91984	1.0	302	1	-2.0952
Tsc2*Cx3cl1	6	0.043774	0.18739	0.976893	61	3	-0.0078666	0.30981	0.58329	1.0	171	3	-0.0078666
Stk11*Mfap5	5	0.044494	0.16271	0.976893	62	4	-1.5414	0.93021	0.9153	1.0	301	1	-1.5414
Pten*Pdcd1lg2	5	0.047495	0.16271	0.976893	63	3	-0.76175	0.49886	0.71552	1.0	218	2	-0.76175
Tsc2*Il6	4	0.050371	0.18201	0.976893	64	3	-0.78486	0.099648	0.19837	0.807239	92	1	-0.78486
Pten*Mysm1	6	0.052473	0.2019	0.976893	65	5	-1.4811	0.98818	0.98178	1.0	311	1	-1.4811
Chit1*Tnfsf15	6	0.052662	0.2019	0.976893	66	4	-0.92399	0.74326	0.84647	1.0	266	2	-0.92399
Stk11*Cx3cl1	7	0.053526	0.2443	0.976893	67	4	-0.87325	0.22193	0.51535	1.0	145	3	-0.87325
Krt15*Muc16	7	0.056012	0.2443	0.976893	68	5	-1.0675	0.57358	0.81567	1.0	236	2	-1.0675
Apc*Mpeg1	2	0.056389	0.11462	0.963565	69	1	-0.67604	0.64512	0.5653	1.0	247	1	-0.67604
Chek2*Fcrl6	8	0.057444	0.25365	0.976893	70	5	-0.99745	0.4682	0.70857	1.0	213	3	-0.99745
Tsc2*Fcrl6	7	0.05989	0.24681	0.976893	71	3	0.81046	0.29988	0.59096	1.0	169	4	0.81046
Smad4*Cxcr5	5	0.060421	0.18376	0.976893	72	2	0.68401	0.48312	0.71552	1.0	215	3	0.68401
Pten*Muc16	6	0.061395	0.21515	0.976893	73	4	-1.4473	0.00071771	0.0034896	0.188441	7	2	-1.4473
Pten*Tnfsf15	5	0.061792	0.18376	0.976893	74	3	-1.2698	0.64531	0.76775	1.0	248	2	-1.2698
Chit1*Tlr7	4	0.063395	0.19395	0.976893	75	3	-1.5966	0.54078	0.66032	1.0	230	1	-1.5966
Brca2*Fcrl6	8	0.066793	0.27188	0.976893	76	6	-0.96239	0.12741	0.3294	0.882045	106	2	-0.96239
Nt*Cxcr5	16	0.06887	0.42751	1.0	77	4	1.4819	0.015865	0.10151	0.803965	27	12	1.4819
Brca1*Pla2g2a	8	0.073226	0.27487	0.976893	78	6	-0.83508	0.9491	0.97273	1.0	305	2	-0.83508
Kit*Pla2g2a	4	0.073248	0.25313	0.976893	79	3	-1.64	0.67321	0.7792	1.0	251	1	-1.64
Tgfbr2*Mfap5	7	0.073717	0.26042	0.976893	80	4	-0.68284	0.19699	0.47092	1.0	137	3	-0.68284
Clca2*Tnfsf15	9	0.075178	0.32022	1.0	81	5	-1.6354	0.32682	0.6365	1.0	176	4	-1.6354
Nt*Il6	17	0.077069	0.44446	1.0	82	8	0.70456	0.16473	0.47307	1.0	125	9	0.70456
Smad4*Pdcd1lg2	4	0.077825	0.25314	0.976893	83	2	-0.2626	0.66105	0.77919	1.0	250	2	-0.2626
Rb1*Mysm1	5	0.082119	0.22776	0.976893	84	4	-1.1568	0.84928	0.88591	1.0	285	1	-1.1568
Chek2*Muc16	3	0.08233	0.19745	0.976893	85	2	-1.3986	0.72107	0.71768	1.0	264	1	-1.3986
Kit*Cxcr2	5	0.08309	0.22776	0.976893	86	3	-1.7029	0.39984	0.61216	1.0	200	2	-1.7029
Tgfbr2*Tlr7	8	0.084763	0.29402	0.992322	87	5	-0.6109	0.57057	0.82893	1.0	234	3	-0.6109
Nt*Mfap5	16	0.086384	0.43575	1.0	88	8	-0.23028	0.69154	0.93942	1.0	255	7	-0.23028
Brca1*Tlr7	4	0.086765	0.2596	0.976893	89	2	0.17986	0.10631	0.19838	0.807239	96	2	0.17986
Sox10*Muc16	6	0.089182	0.27919	0.976893	90	4	-1.4541	0.87812	0.92368	1.0	290	2	-1.4541
Pten*Mfap5	5	0.090013	0.28642	0.976893	91	4	-1.2077	0.38625	0.58339	1.0	194	1	-1.2077
Kit*Il6	5	0.091079	0.28642	0.976893	92	4	-1.1418	0.87927	0.9002	1.0	291	1	-1.1418
Tgfbr2*Cxcr2	5	0.091186	0.28642	0.976893	93	3	-0.99869	0.75806	0.84125	1.0	271	2	-0.99869
Stk11*Pla2g2a	7	0.091723	0.28063	0.976893	94	4	-1.0087	0.58841	0.81568	1.0	239	3	-1.0087
Stk11*Hgf	7	0.094308	0.28063	0.976893	95	5	-0.61578	0.84574	0.91738	1.0	282	2	-0.61578
Tgfbr2*Pla2r1	7	0.095195	0.28063	0.976893	96	3	1.0685	0.11813	0.25705	0.82402	103	4	1.0685
Brca1*Tnfsf15	7	0.095594	0.28063	0.976893	97	3	0.848	0.42984	0.68902	1.0	205	4	0.848
Pten*Fcrl6	5	0.096289	0.28643	0.976893	98	3	-1.6907	0.27058	0.50027	1.0	159	2	-1.6907
Pten*Tlr7	4	0.099652	0.2596	0.976893	99	3	-1.1446	0.48405	0.66031	1.0	216	1	-1.1446
Krt15*Hgf	8	0.10703	0.33791	1.0	100	3	0.84263	0.094907	0.28188	0.841811	89	5	0.84263
Chit1*Mfap5	5	0.10846	0.312	1.0	101	4	-0.91295	0.84878	0.88591	1.0	283	1	-0.91295
Serpinb5*Tlr7	4	0.11091	0.25961	0.976893	102	3	-1.1732	0.75334	0.80757	1.0	269	1	-1.1732
Sox10*Mfap5	8	0.11598	0.34332	1.0	103	5	-0.95332	0.33532	0.65976	1.0	179	3	-0.95332
Tgfbr2*Tnfsf15	5	0.12007	0.34582	1.0	104	3	-0.72745	0.22316	0.45721	1.0	146	2	-0.72745
Clca2*Cdh1	5	0.12835	0.34582	1.0	105	3	-1.1234	0.74412	0.83068	1.0	267	2	-1.1234
Tgfbr2*Pla2g2a	6	0.12941	0.37137	1.0	106	3	-0.035649	0.1025	0.21725	0.818473	93	3	-0.035649
Chit1*Mysm1	6	0.13376	0.37138	1.0	107	4	-0.54714	0.40056	0.66668	1.0	201	2	-0.54714
Rb1*Hgf	5	0.13834	0.34583	1.0	108	4	-0.89507	0.88891	0.90802	1.0	293	1	-0.89507
Serpinb5*Mfap5	7	0.14266	0.41947	1.0	109	4	-0.92968	0.22925	0.51536	1.0	149	3	-0.92968
Chit1*Pla2g2a	5	0.14901	0.38645	1.0	110	2	1.3968	0.095833	0.23218	0.82402	90	3	1.3968
Tsc2*Btla	6	0.15169	0.3981	1.0	111	3	-0.10457	0.60298	0.82061	1.0	241	3	-0.10457
Nt*Cdh1	21	0.15232	0.58383	1.0	112	7	1.2222	0.0085712	0.082363	0.784867	21	14	1.2222
Stk11*Muc16	6	0.15282	0.3981	1.0	113	3	0.32501	0.57254	0.77996	1.0	235	3	0.32501
Chit1*Cxcr5	7	0.15322	0.41948	1.0	114	5	-0.98878	0.26251	0.55069	1.0	156	2	-0.98878
Pten*Hgf	6	0.15747	0.40642	1.0	115	2	1.4394	0.040553	0.1278	0.803965	46	4	1.4394
Smad4*Pla2r1	7	0.16025	0.41948	1.0	116	3	1.0087	0.32859	0.59418	1.0	177	4	1.0087
Brca2*Cdh1	5	0.16189	0.39418	1.0	117	3	-0.75003	0.077438	0.17866	0.803965	75	2	-0.75003
Chek2*Tlr7	6	0.16489	0.41353	1.0	118	4	-1.665	0.87721	0.92367	1.0	289	2	-1.665
Brca1*Cx3cl1	7	0.1671	0.46591	1.0	119	5	-1.1173	0.52588	0.77707	1.0	224	2	-1.1173
Stk11*Mpeg1	7	0.16772	0.46591	1.0	120	5	-0.56598	0.15362	0.30399	0.841811	121	2	-0.56598
Brca2*Pla2g2a	5	0.16879	0.39418	1.0	121	3	-1.5085	0.75609	0.84124	1.0	270	2	-1.5085
Brca1*Mpeg1	4	0.17221	0.32041	1.0	122	3	-1.2579	0.69595	0.7792	1.0	257	1	-1.2579
Brca1*Nt	16	0.17243	0.55914	1.0	123	9	-0.47441	0.5344	0.87871	1.0	228	7	-0.47441
Smad4*Cx3cl1	7	0.17304	0.47132	1.0	124	4	-0.96401	0.63421	0.82467	1.0	245	3	-0.96401
Stk11*Tlr7	6	0.17456	0.41353	1.0	125	4	-0.82714	0.84916	0.90061	1.0	284	2	-0.82714
Smad4*Muc16	5	0.17694	0.39418	1.0	126	2	1.4752	0.12895	0.25239	0.82402	107	3	1.4752
Nt*Cx3cl1	19	0.18033	0.58351	1.0	127	9	0.83619	0.025992	0.16197	0.803965	38	10	0.83619
Krt15*Cdh1	5	0.18804	0.39419	1.0	128	3	-1.4076	0.2631	0.50027	1.0	157	2	-1.4076
Clca2*Pla2g2a	5	0.19187	0.39419	1.0	129	3	-2.1146	0.4676	0.71551	1.0	211	2	-2.1146
Brca2*Cx3cl1	7	0.19358	0.49319	1.0	130	4	-1.3229	0.77007	0.89123	1.0	275	3	-1.3229
Brca2*Cxcr2	9	0.19525	0.56253	1.0	131	5	-0.53908	0.08486	0.26552	0.829854	82	4	-0.53908
Clca2*Tlr7	4	0.19647	0.36057	1.0	132	3	-1.3905	0.86942	0.84092	1.0	287	1	-1.3905
Serpinb5*Mysm1	6	0.19807	0.43397	1.0	133	4	-0.76158	0.87021	0.92367	1.0	288	2	-0.76158
Sox10*Pdcd1lg2	5	0.19834	0.40547	1.0	134	3	-0.76212	0.83132	0.8859	1.0	278	2	-0.76212
Kit*Pdcd1lg2	6	0.19873	0.43397	1.0	135	4	-0.75587	0.50196	0.74666	1.0	219	2	-0.75587
Serpinb5*Cxcr5	5	0.19925	0.40547	1.0	136	1	1.7469	0.019579	0.056705	0.633537	32	4	1.7469
Smad4*Tlr7	5	0.20301	0.40547	1.0	137	2	1.3739	0.32308	0.52955	1.0	175	3	1.3739
Krt15*Cxcr5	6	0.20326	0.43398	1.0	138	2	1.2856	0.098051	0.21274	0.810911	91	4	1.2856
Serpinb5*Fcrl6	6	0.20336	0.43398	1.0	139	4	-0.95152	0.64221	0.82062	1.0	246	2	-0.95152
Brca1*Fcrl6	4	0.20416	0.38353	1.0	140	3	-0.7545	0.67398	0.7792	1.0	253	1	-0.7545
Chit1*Pdcd1lg2	5	0.21289	0.40547	1.0	141	3	-0.73376	0.60607	0.76774	1.0	243	2	-0.73376
Brca2*Mysm1	9	0.21364	0.5692	1.0	142	4	0.75446	0.47618	0.76495	1.0	214	5	0.75446
Krt15*Mfap5	6	0.21658	0.44278	1.0	143	3	-0.085152	0.13756	0.33583	0.884618	112	3	-0.085152
Serpinb5*Muc16	4	0.21826	0.39588	1.0	144	3	-1.0485	0.92351	0.91984	1.0	297	1	-1.0485
Sox10*Hgf	9	0.22207	0.56921	1.0	145	4	0.5275	0.30727	0.62578	1.0	170	5	0.5275
Rb1*Il6	5	0.22346	0.40548	1.0	146	1	0.69489	0.13306	0.25941	0.82402	111	4	0.69489
Serpinb5*Cx3cl1	6	0.22536	0.44279	1.0	147	3	-0.38294	0.46776	0.69114	1.0	212	3	-0.38294
Clca2*Fcrl6	6	0.23732	0.46689	1.0	148	4	-0.78997	0.17449	0.42504	0.993469	130	2	-0.78997
Smad4*Il6	4	0.23878	0.42449	1.0	149	3	-0.80903	0.92936	0.91984	1.0	300	1	-0.80903
Tgfbr2*Btla	4	0.2419	0.42449	1.0	150	1	1.3693	0.06603	0.16892	0.803965	62	3	1.3693
Pten*Cx3cl1	8	0.24453	0.53989	1.0	151	3	1.6775	0.0023009	0.017209	0.52994	10	5	1.6775
Clca2*Mfap5	4	0.24482	0.42449	1.0	152	3	-1.2721	0.94263	0.91985	1.0	304	1	-1.2721
Chek2*Cx3cl1	4	0.24549	0.42449	1.0	153	2	0.18726	0.16007	0.29886	0.841811	123	2	0.18726
Pten*Il6	6	0.25266	0.47789	1.0	154	4	-0.67822	0.31073	0.58329	1.0	172	2	-0.67822
Calml3*Mysm1	6	0.25862	0.4779	1.0	155	3	0.10311	0.057392	0.15262	0.803965	57	3	0.10311
Tgfbr2*Il6	6	0.25945	0.4779	1.0	156	3	0.57638	0.073422	0.16873	0.803965	70	3	0.57638
Serpinb5*Cxcr2	5	0.26226	0.46311	1.0	157	3	-1.1292	0.76588	0.85237	1.0	273	2	-1.1292
Chit1*Nt	16	0.26326	0.6893	1.0	158	8	0.24681	0.24967	0.63539	1.0	152	8	0.24681
Sox10*Pla2r1	4	0.26591	0.49028	1.0	159	2	0.3161	0.28487	0.5085	1.0	163	2	0.3161
Serpinb5*Tnfsf15	4	0.26896	0.49028	1.0	160	2	-0.19354	0.23653	0.42961	0.993469	150	2	-0.19354
Krt15*Tlr7	5	0.27013	0.4834	1.0	161	3	-1.3211	0.84521	0.8859	1.0	281	2	-1.3211
Krt15*Mpeg1	4	0.27126	0.49028	1.0	162	2	1.1882	0.15214	0.29885	0.841811	120	2	1.1882
Tgfbr2*Cxcr5	5	0.27188	0.4834	1.0	163	2	0.79249	0.45236	0.71551	1.0	207	3	0.79249
Nt*Mpeg1	17	0.27429	0.72189	1.0	164	9	-0.49796	0.33582	0.69665	1.0	180	8	-0.49796
Brca2*Btla	7	0.27457	0.54559	1.0	165	2	1.2283	0.048868	0.1732	0.803965	53	5	1.2283
Brca1*Pdcd1lg2	6	0.28412	0.57713	1.0	166	3	0.08081	0.18801	0.42505	0.993469	133	3	0.08081
Rb1*Mfap5	3	0.28783	0.41915	1.0	167	1	1.0722	0.34751	0.49402	1.0	182	2	1.0722
Brca2*Nt	15	0.28871	0.69834	1.0	168	6	1.4068	0.0016175	0.015795	0.52994	9	9	1.4068
Kit*Muc16	8	0.29602	0.60672	1.0	169	4	0.014829	0.0916	0.27654	0.841811	84	4	0.014829
Chit1*Pla2r1	5	0.30784	0.50738	1.0	170	2	0.901	0.20016	0.39514	0.992436	140	3	0.901
Nt*Cxcr2	15	0.3129	0.71665	1.0	171	7	0.63858	0.078024	0.31396	0.854825	76	8	0.63858
Clca2*Pla2r1	6	0.31739	0.57714	1.0	172	3	0.14286	0.20776	0.46035	1.0	141	3	0.14286
Clca2*Hgf	7	0.32113	0.58365	1.0	173	1	1.2248	0.0524	0.17321	0.803965	55	6	1.2248
Tsc2*Cdh1	6	0.32643	0.58691	1.0	174	3	0.52567	0.1705	0.38002	0.985019	129	3	0.52567
Brca1*Mfap5	7	0.3295	0.58366	1.0	175	4	-0.86745	0.1178	0.25705	0.82402	102	3	-0.86745
Rb1*Tnfsf15	5	0.33036	0.51957	1.0	176	3	-0.74905	0.59767	0.76774	1.0	240	2	-0.74905
Kit*Tnfsf15	4	0.34324	0.57423	1.0	177	2	0.017214	0.70758	0.79625	1.0	260	2	0.017214
Apc*Nt	13	0.34661	0.72015	1.0	178	4	1.5639	0.0037022	0.025403	0.52994	14	9	1.5639
Krt15*Pla2r1	6	0.34754	0.58692	1.0	179	2	1.532	0.061205	0.15811	0.803965	60	4	1.532
Brca2*Mfap5	6	0.35184	0.58692	1.0	180	2	1.2281	0.13067	0.33583	0.884618	109	4	1.2281
Nt*Hgf	17	0.35493	0.75719	1.0	181	9	-0.35736	0.39708	0.7528	1.0	197	8	-0.35736
Clca2*Il6	5	0.35825	0.56256	1.0	182	3	-0.81382	0.79899	0.87308	1.0	276	2	-0.81382
Smad4*Nt	16	0.35845	0.76429	1.0	183	6	1.7142	0.0035389	0.02615	0.52994	13	10	1.7142
Apc*Cdh1	8	0.36255	0.67583	1.0	184	3	0.99432	0.24348	0.55434	1.0	151	5	0.99432
Chek2*Il6	3	0.36404	0.48975	1.0	185	2	-0.97827	0.84344	0.81663	1.0	280	1	-0.97827
Nt*Btla	18	0.36601	0.79143	1.0	186	4	1.1398	0.0053031	0.04428	0.633537	17	14	1.1398
Pten*Cdh1	9	0.37377	0.64354	1.0	187	4	2.0135	1.6193e-08	4.9781e-06	0.001613	1	5	2.0135
Brca2*Il6	6	0.37807	0.60532	1.0	188	3	0.075385	0.36069	0.60057	1.0	186	3	0.075385
Apc*Muc16	3	0.38834	0.50603	1.0	189	2	-0.74832	0.71233	0.71767	1.0	262	1	-0.74832
Nt*Muc16	12	0.39267	0.72329	1.0	190	5	1.2764	0.0043357	0.032383	0.582885	15	7	1.2764
Apc*Cxcr5	6	0.39702	0.64963	1.0	191	2	0.92844	0.35011	0.59306	1.0	183	4	0.92844
Chit1*Cx3cl1	6	0.40395	0.65956	1.0	192	3	-0.032123	0.58784	0.79098	1.0	238	3	-0.032123
Tsc2*Muc16	5	0.40752	0.6471	1.0	193	2	0.9998	0.39081	0.58339	1.0	196	3	0.9998
Apc*Cxcr2	2	0.41119	0.46983	1.0	194	1	0.3272	0.07641	0.12792	0.803965	73	1	0.3272
Krt15*Il6	7	0.41223	0.67821	1.0	195	3	1.0849	0.10384	0.25445	0.82402	94	4	1.0849
Chit1*Muc16	7	0.41327	0.70014	1.0	196	3	0.56779	0.29413	0.55707	1.0	167	4	0.56779
Serpinb5*Cdh1	5	0.41475	0.64711	1.0	197	3	-0.54794	0.60523	0.76774	1.0	242	2	-0.54794
Nt*Tlr7	16	0.41509	0.79073	1.0	198	4	1.8185	0.0070669	0.063496	0.642893	19	12	1.8185
Brca2*Cxcr5	3	0.41757	0.54322	1.0	199	2	-0.54375	0.58229	0.6679	1.0	237	1	-0.54375
Brca1*Cdh1	8	0.42702	0.69006	1.0	200	3	1.1707	0.091922	0.27655	0.841811	85	5	1.1707
Tgfbr2*Mpeg1	9	0.43021	0.73955	1.0	201	4	0.50275	0.18921	0.40829	0.993469	134	5	0.50275
Brca1*Hgf	5	0.43206	0.69769	1.0	202	2	0.52445	0.53165	0.75057	1.0	226	3	0.52445
Calml3*Cxcr2	6	0.43331	0.6932	1.0	203	2	0.71983	0.38468	0.62725	1.0	193	4	0.71983
Serpinb5*Il6	8	0.44193	0.7	1.0	204	3	1.1697	0.068356	0.20707	0.807239	65	5	1.1697
Serpinb5*Hgf	6	0.44499	0.69321	1.0	205	2	1.0093	0.33492	0.59305	1.0	178	4	1.0093
Brca1*Cxcr2	4	0.44541	0.60711	1.0	206	2	-0.19827	0.68445	0.7792	1.0	254	2	-0.19827
Chek2*Mpeg1	3	0.45126	0.62422	1.0	207	1	1.1633	0.45579	0.61458	1.0	209	2	1.1633
Chek2*Cdh1	6	0.45158	0.69321	1.0	208	2	1.0914	0.37506	0.62724	1.0	188	4	1.0914
Brca2*Muc16	6	0.45521	0.69321	1.0	209	3	0.016865	0.69223	0.84646	1.0	256	3	0.016865
Rb1*Mpeg1	3	0.46206	0.62423	1.0	210	1	0.69123	0.53882	0.66789	1.0	229	2	0.69123
Brca2*Pdcd1lg2	6	0.473	0.70198	1.0	211	2	0.88734	0.20005	0.42887	0.993469	139	4	0.88734
Rb1*Pla2g2a	2	0.47307	0.5324	1.0	212	1	-0.25958	0.69725	0.65121	1.0	258	1	-0.25958
Smad4*Pla2g2a	4	0.48278	0.63413	1.0	213	2	0.029697	0.53296	0.66032	1.0	227	2	0.029697
Clca2*Cxcr2	8	0.48806	0.74959	1.0	214	3	1.2756	0.29356	0.60839	1.0	166	5	1.2756
Calml3*Mpeg1	5	0.49235	0.72335	1.0	215	2	0.82173	0.48775	0.71552	1.0	217	3	0.82173
Tsc2*Pla2r1	9	0.50399	0.7747	1.0	216	3	0.79503	0.16838	0.3875	0.992436	128	5	0.79503
Rb1*Muc16	4	0.50408	0.64957	1.0	217	2	0.38899	0.071	0.17528	0.803965	69	2	0.38899
Brca1*Muc16	3	0.51058	0.6394	1.0	218	1	0.65011	0.093543	0.20928	0.807239	87	2	0.65011
Stk11*Cdh1	9	0.51554	0.79669	1.0	219	3	1.0724	0.033936	0.14429	0.803965	42	6	1.0724
Chek2*Cxcr2	4	0.51739	0.64958	1.0	220	2	-0.51353	0.70848	0.79625	1.0	261	2	-0.51353
Kit*Pla2r1	4	0.52449	0.66715	1.0	221	1	1.1757	0.22172	0.42179	0.993469	144	3	1.1757
Chit1*Cdh1	5	0.52673	0.72336	1.0	222	1	1.1333	0.11498	0.23535	0.82402	100	4	1.1333
Smad4*Mfap5	4	0.53528	0.66715	1.0	223	2	-0.44519	0.11125	0.20292	0.807239	98	1	-0.44519
Tgfbr2*Hgf	8	0.53843	0.78781	1.0	224	3	1.6133	0.014977	0.054933	0.633537	25	5	1.6133
Rb1*Cxcr2	6	0.53973	0.77119	1.0	225	3	-0.056922	0.22754	0.46036	1.0	148	3	-0.056922
Apc*Tlr7	2	0.54194	0.55355	1.0	226	1	0.28349	0.28932	0.43541	0.993469	165	1	0.28349
Pten*Btla	5	0.54261	0.72336	1.0	227	1	3.1135	0.00042106	0.0019863	0.12871	6	4	3.1135
Clca2*Mpeg1	5	0.54929	0.72336	1.0	228	2	1.4666	0.075311	0.16849	0.803965	72	3	1.4666
Brca1*Pla2r1	5	0.55453	0.72336	1.0	229	1	1.1891	0.081455	0.17866	0.803965	80	4	1.1891
Calml3*Hgf	8	0.55466	0.8291	1.0	230	2	1.045	0.069956	0.20707	0.807239	68	6	1.045
Apc*Cx3cl1	7	0.55659	0.78984	1.0	231	2	1.8072	0.0045468	0.02617	0.52994	16	5	1.8072
Krt15*Nt	16	0.5582	0.87291	1.0	232	3	1.4466	0.0026353	0.024298	0.52994	12	13	1.4466
Stk11*Tnfsf15	5	0.56768	0.72336	1.0	233	2	1.3773	0.10519	0.23534	0.82402	95	3	1.3773
Clca2*Muc16	6	0.58156	0.82248	1.0	234	3	0.31789	0.61795	0.82061	1.0	244	3	0.31789
Calml3*Cx3cl1	4	0.58157	0.69871	1.0	235	1	0.84474	0.34386	0.56099	1.0	181	3	0.84474
Apc*Hgf	4	0.58261	0.69871	1.0	236	2	0.36991	0.3974	0.61436	1.0	198	2	0.36991
Chek2*Btla	6	0.58993	0.82248	1.0	237	1	1.2616	0.093192	0.20891	0.807239	86	5	1.2616
Apc*Tnfsf15	6	0.60637	0.82248	1.0	238	2	1.7923	0.094773	0.20891	0.807239	88	4	1.7923
Apc*Pla2g2a	3	0.60817	0.71529	1.0	239	1	1.0486	0.25279	0.37506	0.980008	153	2	1.0486
Calml3*Tlr7	6	0.61464	0.82248	1.0	240	2	1.8351	0.037691	0.11186	0.803965	44	4	1.8351
Chit1*Btla	7	0.61725	0.82047	1.0	241	3	0.74835	0.28172	0.5507	1.0	161	4	0.74835
Pten*Pla2r1	7	0.62201	0.82047	1.0	242	3	0.64884	0.41463	0.65551	1.0	203	4	0.64884
Chek2*Pdcd1lg2	7	0.62261	0.82047	1.0	243	3	1.1389	0.19725	0.47092	1.0	138	4	1.1389
Tsc2*Hgf	5	0.63	0.76739	1.0	244	2	0.65848	0.13105	0.25941	0.82402	110	3	0.65848
Kit*Tlr7	5	0.63321	0.77857	1.0	245	2	1.0023	0.29431	0.51393	1.0	168	3	1.0023
Chek2*Hgf	5	0.63729	0.77857	1.0	246	2	1.804	0.043053	0.10987	0.803965	51	3	1.804
Smad4*Btla	7	0.63772	0.82721	1.0	247	2	0.87017	0.25836	0.55069	1.0	154	5	0.87017
Apc*Il6	3	0.64052	0.7153	1.0	248	1	1.4515	0.39026	0.53122	1.0	195	2	1.4515
Serpinb5*Pdcd1lg2	7	0.64072	0.82722	1.0	249	3	0.90887	0.37885	0.63822	1.0	190	4	0.90887
Rb1*Pla2r1	3	0.6412	0.7153	1.0	250	1	0.77591	0.5287	0.64999	1.0	225	2	0.77591
Kit*Mfap5	7	0.64871	0.82722	1.0	251	2	1.1909	0.14138	0.29651	0.841811	115	5	1.1909
Brca2*Tnfsf15	5	0.65489	0.79113	1.0	252	1	1.35	0.078835	0.17866	0.803965	77	4	1.35
Pten*Mpeg1	6	0.65547	0.82249	1.0	253	2	0.88047	0.35779	0.60057	1.0	185	4	0.88047
Chek2*Mysm1	7	0.65905	0.84455	1.0	254	3	1.2939	0.084409	0.22362	0.823332	81	4	1.2939
Apc*Mysm1	5	0.66808	0.79113	1.0	255	2	1.1106	0.28717	0.50028	1.0	164	3	1.1106
Clca2*Cx3cl1	3	0.67233	0.73061	1.0	256	1	1.6472	0.16058	0.29924	0.841811	124	2	1.6472
Krt15*Mysm1	5	0.67805	0.79114	1.0	257	2	-0.26765	0.74547	0.83068	1.0	268	2	-0.26765
Calml3*Il6	7	0.68051	0.85125	1.0	258	2	1.7189	0.037603	0.13022	0.803965	43	5	1.7189
Brca1*Btla	5	0.68189	0.79114	1.0	259	1	1.4427	0.053027	0.11509	0.803965	56	4	1.4427
Calml3*Mfap5	5	0.68336	0.79114	1.0	260	2	1.0753	0.36147	0.56678	1.0	187	3	1.0753
Rb1*Cdh1	5	0.68726	0.79114	1.0	261	1	1.3309	0.079811	0.17866	0.803965	79	4	1.3309
Chek2*Pla2g2a	5	0.69692	0.79114	1.0	262	1	1.9771	0.011579	0.051936	0.633537	24	4	1.9771
Rb1*Pdcd1lg2	5	0.69974	0.81313	1.0	263	2	0.89023	0.14803	0.39513	0.992436	118	3	0.89023
Rb1*Btla	6	0.70769	0.83914	1.0	264	2	1.0228	0.32164	0.59305	1.0	174	4	1.0228
Nt*Pdcd1lg2	15	0.71349	0.93533	1.0	265	5	0.96543	0.032582	0.14763	0.803965	41	10	0.96543
Apc*Fcrl6	5	0.71424	0.81314	1.0	266	2	-0.33954	0.14323	0.31249	0.854825	116	2	-0.33954
Kit*Cx3cl1	5	0.71495	0.82447	1.0	267	2	0.95739	0.40067	0.61216	1.0	202	3	0.95739
Rb1*Cx3cl1	5	0.72042	0.82448	1.0	268	1	1.6755	0.030188	0.10577	0.803965	40	4	1.6755
Serpinb5*Pla2r1	3	0.73076	0.74629	1.0	269	1	1.1244	0.27226	0.42767	0.993469	160	2	1.1244
Clca2*Mysm1	5	0.73252	0.84548	1.0	270	2	1.1126	0.45825	0.71551	1.0	210	3	1.1126
Calml3*Fcrl6	3	0.73413	0.74629	1.0	271	1	0.55969	0.54219	0.66789	1.0	231	2	0.55969
Chek2*Pla2r1	2	0.73838	0.76048	1.0	272	0	0.87556	0.26162	0.43541	0.993469	155	2	0.87556
Clca2*Btla	5	0.7432	0.84549	1.0	273	1	1.1982	0.12565	0.24496	0.82402	105	4	1.1982
Brca2*Mpeg1	7	0.74966	0.89479	1.0	274	1	1.1638	0.079545	0.22361	0.823332	78	6	1.1638
Calml3*Pla2g2a	7	0.76195	0.89479	1.0	275	2	0.86689	0.19438	0.47091	1.0	136	5	0.86689
Smad4*Hgf	8	0.78257	0.90858	1.0	276	2	1.5951	0.059702	0.20243	0.807239	59	6	1.5951
Nt*Mysm1	10	0.79191	0.94956	1.0	277	3	1.2578	0.15625	0.40271	0.993469	122	7	1.2578
Kit*Nt	17	0.8042	0.97129	1.0	278	5	1.2442	0.028706	0.15635	0.803965	39	12	1.2442
Kit*Mpeg1	8	0.80894	0.93513	1.0	279	2	1.6488	0.076535	0.23944	0.82402	74	6	1.6488
Chek2*Nt	16	0.81246	0.96537	1.0	280	4	1.426	0.04231	0.1919	0.807239	50	12	1.426
Brca2*Pla2r1	4	0.81976	0.84513	1.0	281	1	1.7562	0.019711	0.056048	0.633537	33	3	1.7562
Nt*Pla2g2a	21	0.82354	0.9759	1.0	282	7	1.3779	0.002429	0.029435	0.561006	11	14	1.3779
Apc*Pdcd1lg2	6	0.82765	0.91242	1.0	283	2	1.2164	0.074597	0.16874	0.803965	71	4	1.2164
Chit1*Mpeg1	3	0.82846	0.83825	1.0	284	1	0.80179	0.38307	0.53121	1.0	192	2	0.80179
Apc*Pla2r1	3	0.82971	0.83825	1.0	285	1	1.5472	0.4296	0.5663	1.0	204	2	1.5472
Kit*Cxcr5	6	0.84703	0.93056	1.0	286	2	1.5796	0.087944	0.2089	0.807239	83	4	1.5796
Brca1*Il6	4	0.85176	0.87475	1.0	287	1	1.3529	0.1237	0.29202	0.841811	104	3	1.3529
Krt15*Pla2g2a	2	0.85529	0.89839	1.0	288	0	2.4498	0.038805	0.035967	0.613328	45	2	2.4498
Calml3*Btla	5	0.85752	0.90981	1.0	289	1	0.96321	0.1671	0.39513	0.992436	127	4	0.96321
Chek2*Cxcr5	3	0.86081	0.88389	1.0	290	0	0.80925	0.13919	0.26637	0.829854	113	3	0.80925
Calml3*Tnfsf15	4	0.86386	0.88458	1.0	291	1	1.7093	0.066923	0.16892	0.803965	64	3	1.7093
Chek2*Tnfsf15	8	0.87226	0.95545	1.0	292	1	1.4673	0.0088663	0.050861	0.633537	22	7	1.4673
Serpinb5*Pla2g2a	3	0.88788	0.8979	1.0	293	0	2.2133	0.040633	0.087361	0.79422	47	3	2.2133
Krt15*Pdcd1lg2	7	0.90076	0.95579	1.0	294	2	0.96617	0.21241	0.51535	1.0	142	5	0.96617
Apc*Btla	4	0.90653	0.91491	1.0	295	1	1.1888	0.31284	0.51868	1.0	173	3	1.1888
Tsc2*Pla2g2a	4	0.90683	0.91491	1.0	296	1	0.91954	0.16601	0.29886	0.841811	126	3	0.91954
Rb1*Nt	18	0.91181	0.99182	1.0	297	5	1.55	0.023977	0.14503	0.803965	37	13	1.55
Calml3*Muc16	4	0.91189	0.91491	1.0	298	1	1.2666	0.06635	0.16892	0.803965	63	3	1.2666
Serpinb5*Mpeg1	6	0.91554	0.95031	1.0	299	1	1.5751	0.050025	0.14918	0.803965	54	5	1.5751
Sox10*Cdh1	6	0.91691	0.95031	1.0	300	1	0.96308	0.11431	0.25302	0.82402	99	5	0.96308
Chit1*Hgf	8	0.91698	0.97006	1.0	301	2	1.1812	0.10687	0.30222	0.841811	97	6	1.1812
Clca2*Cxcr5	5	0.92582	0.9347	1.0	302	1	2.2015	0.018845	0.056705	0.633537	31	4	2.2015
Kit*Cdh1	3	0.93033	0.96759	1.0	303	0	1.7459	0.069673	0.10728	0.803965	67	3	1.7459
Serpinb5*Btla	3	0.93078	0.96759	1.0	304	0	1.247	0.069217	0.10728	0.803965	66	3	1.247
Calml3*Pla2r1	3	0.93524	0.96759	1.0	305	0	1.4278	0.06476	0.10728	0.803965	61	3	1.4278
Kit*Hgf	7	0.95062	0.97235	1.0	306	1	1.4015	0.015752	0.054874	0.633537	26	6	1.4015
Kit*Btla	7	0.9541	0.97452	1.0	307	1	1.3531	0.058605	0.1988	0.807239	58	6	1.3531
Serpinb5*Nt	11	0.95846	0.99175	1.0	308	2	1.128	0.022063	0.10697	0.803965	34	9	1.128
Krt15*Btla	5	0.95925	0.97204	1.0	309	0	1.291	0.040747	0.10987	0.803965	48	5	1.291
Calml3*Cxcr5	6	0.96585	0.96868	1.0	310	1	1.5912	0.047662	0.14917	0.803965	52	5	1.5912
Calml3*Nt	14	0.97462	0.99596	1.0	311	3	1.4289	0.042016	0.17508	0.803965	49	11	1.4289
Chit1*Il6	5	0.97792	0.97764	1.0	312	0	1.5514	0.022079	0.079734	0.782845	35	5	1.5514
Krt15*Cx3cl1	6	0.98247	0.98952	1.0	313	0	1.7832	0.017531	0.060658	0.633975	30	6	1.7832
Brca2*Hgf	7	0.98356	0.98672	1.0	314	1	2.5055	0.0014158	0.008179	0.33125	8	6	2.5055
Calml3*Cdh1	6	0.9839	0.98952	1.0	315	0	1.9467	0.016095	0.059722	0.633975	28	6	1.9467
Calml3*Pdcd1lg2	7	0.98791	0.99328	1.0	316	0	1.447	0.023478	0.088247	0.79422	36	6	1.447
Clca2*Pdcd1lg2	8	0.98813	0.99158	1.0	317	1	1.4625	0.016302	0.054943	0.633537	29	7	1.4625
Smad4*Cdh1	5	0.9895	0.99675	1.0	318	0	1.3175	0.010502	0.051927	0.633537	23	5	1.3175
Tgfbr2*Nt	18	0.98993	0.99916	1.0	319	3	1.443	0.00022584	0.0044156	0.204378	5	15	1.443
Tgfbr2*Cx3cl1	5	0.9924	0.99676	1.0	320	0	1.3031	0.0075956	0.0215	0.52994	20	5	1.3031
Stk11*Pla2r1	4	0.99439	0.99574	1.0	321	0	1.9957	0.0056076	0.020206	0.52994	18	4	1.9957
Clca2*Nt	13	0.99992	0.99997	1.0	322	0	1.4893	8.1958e-05	0.0011499	0.093145	4	13	1.4893
Nt*Pla2r1	19	0.99999	1.0	1.0	323	1	1.6699	4.5996e-06	0.00013441	0.021774	2	18	1.6699
