id	num	neg|score	neg|p-value	neg|fdr	neg|rank	neg|goodsgrna	neg|lfc	pos|score	pos|p-value	pos|fdr	pos|rank	pos|goodsgrna	pos|lfc
Sox10*Tnfsf15	6	3.0179e-05	9.4584e-05	0.016667	1	4	-1.13905	0.99997	0.99998	0.999975	324	0	-1.13905
Tsc2*Mfap5	3	5.5052e-05	0.00014436	0.016667	2	4	-1.17527	0.99994	0.99996	0.999975	323	0	-1.17527
Tgfbr2*Tlr7	4	5.713e-05	0.00015432	0.016667	3	4	-0.56468	0.99994	0.99996	0.999975	322	0	-0.56468
Smad4*Pla2r1	5	7.7635e-05	0.00026384	0.021371	4	2	0.052484	0.21824	0.33186	0.999975	102	2	0.052484
Sox10*Cdh1	4	0.00013896	0.00058244	0.037742	5	4	-0.638548	0.99986	0.99987	0.999975	321	0	-0.638548
Sox10*Pla2g2a	2	0.00023489	0.0010006	0.054032	6	4	-1.4911	0.99977	0.99979	0.999975	320	0	-1.4911
Sox10*Cxcr5	2	0.00027581	0.0011898	0.05504	7	3	-1.63831	0.99813	0.99829	0.999975	311	0	-1.63831
Sox10*Cxcr2	4	0.00032449	0.001359	0.05504	8	4	-1.39962	0.99968	0.9997	0.999975	319	0	-1.39962
Tgfbr2*Pdcd1lg2	4	0.00042796	0.0017274	0.057918	9	4	-0.47577	0.99957	0.99961	0.999975	318	0	-0.47577
Krt15*Tnfsf15	4	0.00045729	0.001827	0.057918	10	4	-0.16395	0.99954	0.99959	0.999975	317	0	-0.16395
Sox10*Btla	4	0.00048811	0.0019663	0.057918	11	4	-0.607812	0.99951	0.99957	0.999975	316	0	-0.607812
Calml3*Mysm1	4	0.00071988	0.0028226	0.071083	12	3	-0.509502	0.93485	0.93415	0.999975	255	0	-0.509502
Nt*Fcrl6	12	0.0007941	0.0030615	0.071083	13	4	-0.914765	0.99921	0.99935	0.999975	315	0	-0.914765
Tgfbr2*Tnfsf15	6	0.00079746	0.0030715	0.071083	14	3	-0.478953	0.99565	0.99586	0.999975	303	0	-0.478953
Tsc2*Cx3cl1	2	0.0010286	0.0039875	0.085215	15	4	0.39134	0.99897	0.99915	0.999975	314	0	0.39134
Tsc2*Fcrl6	4	0.0011042	0.0042961	0.085215	16	4	-0.91816	0.9989	0.99911	0.999975	313	0	-0.91816
Smad4*Mfap5	4	0.0011578	0.004535	0.085215	17	3	0.02393	0.81678	0.81772	0.999975	206	0	0.02393
Brca2*Mysm1	2	0.0012046	0.0047342	0.085215	18	4	-0.978885	0.9988	0.99899	0.999975	312	0	-0.978885
Tsc2*Tnfsf15	3	0.0032478	0.01017	0.164758	20	3	-1.00939	0.99748	0.99765	0.999975	308	0	-1.00939
Smad4*Cxcr2	3	0.003695	0.011246	0.173502	21	2	-1.34618	0.96376	0.96372	0.999975	275	0	-1.34618
Tgfbr2*Btla	3	0.0039291	0.011813	0.173974	22	3	0.465107	0.99592	0.99612	0.999975	304	0	0.465107
Tgfbr2*Mfap5	4	0.004799	0.014053	0.197966	23	2	0.150748	0.99698	0.99715	0.999975	307	0	0.150748
Brca1*Hgf	4	0.0054448	0.015756	0.212702	24	3	0.436985	0.99288	0.99324	0.999975	297	0	0.436985
Tsc2*Tlr7	2	0.0060184	0.017438	0.226	25	3	-1.27445	0.97515	0.97584	0.999975	281	0	-1.27445
Krt15*Cxcr2	3	0.0063805	0.018285	0.227854	26	3	-0.3964	0.89075	0.89073	0.999975	234	0	-0.3964
Stk11*Tnfsf15	1	0.0090005	0.024696	0.296356	27	3	-0.62493	0.99256	0.99301	0.999975	296	0	-0.62493
Tgfbr2*Fcrl6	4	0.0096638	0.026339	0.304781	28	2	-0.457112	0.9676	0.96797	0.999975	277	0	-0.457112
Sox10*Mfap5	1	0.011491	0.030919	0.343965	29	3	-1.0228	0.98852	0.98924	0.999975	290	0	-1.0228
Chit1*Mysm1	3	0.011968	0.031895	0.343965	30	2	-0.391663	0.72773	0.72746	0.999975	177	0	-0.391663
Pten*Cxcr2	4	0.012374	0.03291	0.343965	31	2	0.24425	0.40627	0.48147	0.999975	125	1	0.24425
Nt*Tlr7	13	0.016766	0.042807	0.420283	32	3	0.395385	0.14377	0.24221	0.902021	86	1	0.395385
Brca1*Tlr7	1	0.018406	0.04655	0.443596	33	3	-1.2719	0.99223	0.99273	0.999975	295	0	-1.2719
Stk11*Nt	10	0.019637	0.049348	0.454525	34	3	-0.771341	0.99319	0.99351	0.999975	298	0	-0.771341
Brca1*Tnfsf15	1	0.020143	0.050503	0.454525	35	3	-0.96172	0.87605	0.87673	0.999975	226	0	-0.96172
Clca2*Tlr7	1	0.020604	0.041413	0.419304	36	2	-0.94717	0.66181	0.66148	0.999975	165	0	-0.94717
Nt*Il6	9	0.023916	0.059443	0.491385	37	3	0.137493	0.99215	0.99265	0.999975	294	0	0.137493
Stk11*Mysm1	2	0.024201	0.06018	0.491385	38	3	-0.94523	0.89316	0.89298	0.999975	235	0	-0.94523
Chit1*Pdcd1lg2	5	0.024489	0.060768	0.491385	39	3	-0.19397	0.99773	0.99786	0.999975	309	0	-0.19397
Stk11*Il6	3	0.025069	0.062181	0.491385	40	3	-1.19071	0.99795	0.99812	0.999975	310	0	-1.19071
Chit1*Tnfsf15	6	0.027987	0.066522	0.513172	41	2	-0.903195	0.9661	0.96638	0.999975	276	0	-0.903195
Tsc2*Pdcd1lg2	5	0.030103	0.069509	0.523743	42	1	0.42685	0.06715	0.14689	0.679885	69	1	0.42685
Apc*Pla2r1	5	0.032102	0.059185	0.491385	43	1	2.07606	0.04012	0.080431	0.54291	50	2	2.07606
Calml3*Mfap5	2	0.033559	0.074487	0.542903	44	2	-1.1485	0.94274	0.94184	0.999975	264	0	-1.1485
Tsc2*Il6	4	0.034206	0.075403	0.542903	45	2	-0.617025	0.82559	0.82611	0.999975	208	0	-0.617025
Smad4*Il6	3	0.036353	0.07849	0.55284	46	2	0.304967	0.972	0.97263	0.999975	278	0	0.304967
Serpinb5*Mfap5	2	0.04749	0.094201	0.648622	47	2	-0.110785	0.98748	0.98815	0.999975	289	0	-0.110785
Brca1*Mfap5	4	0.048762	0.096092	0.648622	48	2	0.510415	0.54408	0.57034	0.999975	142	1	0.510415
Chek2*Mysm1	3	0.056818	0.10738	0.710039	49	2	-0.374667	0.85244	0.85284	0.999975	220	0	-0.374667
Smad4*Cx3cl1	2	0.068559	0.1241	0.804161	50	2	-1.0812	0.62517	0.63316	0.999975	158	1	-1.0812
Kit*Cxcr5	3	0.079318	0.13938	0.860381	51	2	1.08019	0.13518	0.23163	0.882903	84	1	1.08019
Kit*Mysm1	3	0.080242	0.14061	0.860381	52	2	0.807003	0.99385	0.99416	0.999975	299	0	0.807003
Tgfbr2*Cxcr5	5	0.082269	0.14357	0.860381	53	1	-0.302266	0.087787	0.17273	0.726791	75	2	-0.302266
Brca2*Cxcr5	2	0.083041	0.14458	0.860381	54	2	-0.1487	0.99061	0.99129	0.999975	292	0	-0.1487
Clca2*Cxcr5	2	0.083982	0.14605	0.860381	55	2	1.11532	0.98302	0.98342	0.999975	284	0	1.11532
Chit1*Hgf	4	0.087787	0.15127	0.875202	56	2	-0.0704725	0.48446	0.52966	0.999975	132	1	-0.0704725
Brca2*Mfap5	2	0.093615	0.15924	0.905178	57	2	-0.21415	0.91212	0.91101	0.999975	243	0	-0.21415
Brca2*Fcrl6	4	0.096582	0.16341	0.91282	58	2	-0.820275	0.58529	0.6017	0.999975	149	1	-0.820275
Chek2*Fcrl6	2	0.10983	0.18268	0.979435	59	2	-0.395335	0.71669	0.71632	0.999975	175	0	-0.395335
Apc*Cdh1	2	0.10989	0.17474	0.959568	60	1	-0.08217	0.55961	0.56029	0.999975	145	1	-0.08217
Smad4*Tnfsf15	3	0.11192	0.18541	0.979435	61	2	-1.71217	0.92799	0.92712	0.999975	251	0	-1.71217
Sox10*Il6	1	0.12152	0.1984	0.979435	62	2	-1.3987	0.99655	0.99668	0.999975	306	0	-1.3987
Stk11*Hgf	2	0.1226	0.20009	0.979435	63	2	-0.927995	0.99496	0.9952	0.999975	302	0	-0.927995
Smad4*Mysm1	3	0.12478	0.20307	0.979435	65	2	-0.567867	0.84936	0.84993	0.999975	217	0	-0.567867
Sox10*Hgf	2	0.12587	0.20482	0.979435	66	2	-0.318165	0.99484	0.99511	0.999975	301	0	-0.318165
Nt*Mpeg1	9	0.12652	0.20556	0.979435	67	2	1.27133	0.1323	0.22804	0.879589	83	1	1.27133
Clca2*Cdh1	4	0.12942	0.20957	0.984081	68	1	0.586803	0.027395	0.068862	0.495806	45	2	0.586803
Pten*Mfap5	2	0.12976	0.18847	0.979435	69	1	0.025875	0.94293	0.94228	0.999975	265	0	0.025875
Chit1*Cxcr5	2	0.1323	0.21351	0.988226	70	1	-0.972465	0.15423	0.25447	0.906009	90	2	-0.972465
Chit1*Cxcr2	2	0.13811	0.22136	0.999995	71	2	-1.2683	0.37307	0.46261	0.999975	121	1	-1.2683
Clca2*Cxcr2	1	0.13925	0.22299	0.999995	72	2	-1.0691	0.22383	0.33829	0.999975	104	2	-1.0691
Brca1*Il6	3	0.14091	0.22548	0.999995	73	1	0.695263	0.92528	0.92464	0.999975	250	0	0.695263
Chit1*Btla	2	0.1519	0.24033	0.999995	74	2	-0.22053	0.97372	0.97441	0.999975	280	0	-0.22053
Pten*Hgf	5	0.1523	0.2409	0.999995	75	1	0.813944	0.056604	0.13045	0.652525	63	3	0.813944
Smad4*Hgf	6	0.15306	0.24171	0.999995	76	2	0.698752	0.12942	0.22443	0.876079	82	1	0.698752
Krt15*Muc16	3	0.16076	0.252	0.999995	77	1	0.271467	0.044082	0.10449	0.618865	54	3	0.271467
Apc*Il6	3	0.16132	0.25292	0.999995	78	2	1.84597	0.95784	0.95768	0.999975	274	0	1.84597
Pten*Mysm1	2	0.18302	0.27505	0.999995	79	1	-0.01675	0.99478	0.99507	0.999975	300	0	-0.01675
Sox10*Mpeg1	3	0.20753	0.28989	0.999995	80	1	-1.30103	0.87267	0.87314	0.999975	225	0	-1.30103
Brca1*Fcrl6	2	0.22355	0.29997	0.999995	81	1	-1.04676	0.93319	0.93233	0.999975	252	0	-1.04676
Tgfbr2*Mpeg1	4	0.25231	0.31816	0.999995	82	1	0.0184275	0.25162	0.3712	0.999975	108	2	0.0184275
Chek2*Mpeg1	3	0.25734	0.26014	0.999995	83	1	1.65507	0.8799	0.8787	0.999975	230	0	1.65507
Krt15*Pdcd1lg2	3	0.30741	0.35437	0.999995	84	1	0.330627	0.81588	0.81677	0.999975	205	0	0.330627
Stk11*Muc16	1	0.30984	0.35604	0.999995	85	1	-1.2831	0.98699	0.98755	0.999975	288	0	-1.2831
Kit*Cdh1	4	0.3171	0.36181	0.999995	86	1	0.532658	0.56333	0.58558	0.999975	146	1	0.532658
Sox10*Tlr7	3	0.33851	0.37727	0.999995	88	1	-0.331787	0.9965	0.99661	0.999975	305	0	-0.331787
Krt15*Mysm1	2	0.34553	0.38219	0.999995	90	1	0.40841	0.7431	0.74261	0.999975	180	0	0.40841
Clca2*Fcrl6	3	0.35019	0.38537	0.999995	91	1	1.28159	0.14725	0.24653	0.906009	87	2	1.28159
Stk11*Fcrl6	3	0.3525	0.38686	0.999995	92	1	-1.37537	0.75558	0.75554	0.999975	182	0	-1.37537
Rb1*Cxcr5	2	0.36627	0.39641	0.999995	93	1	-1.1882	0.94198	0.94114	0.999975	262	0	-1.1882
Chek2*Cx3cl1	3	0.3671	0.37344	0.999995	94	1	1.9168	0.93355	0.9329	0.999975	253	0	1.9168
Pten*Fcrl6	1	0.37081	0.39961	0.999995	95	1	2.2966	0.98981	0.99049	0.999975	291	0	2.2966
Rb1*Pdcd1lg2	3	0.37307	0.40117	0.999995	96	1	0.408357	0.95055	0.95022	0.999975	268	0	0.408357
Krt15*Cxcr5	1	0.37533	0.40267	0.999995	97	1	-0.7996	0.46868	0.51961	0.999975	130	1	-0.7996
Chit1*Il6	2	0.38651	0.41085	0.999995	98	1	0.829145	0.12587	0.22027	0.870319	81	2	0.829145
Clca2*Pla2g2a	2	0.39095	0.41399	0.999995	99	1	1.38848	0.16251	0.26465	0.922008	92	2	1.38848
Stk11*Mpeg1	3	0.39755	0.41886	0.999995	100	1	-0.4884	0.27775	0.40309	0.999975	114	1	-0.4884
Serpinb5*Muc16	1	0.40627	0.42574	0.999995	101	1	0.53767	0.15306	0.25309	0.906009	89	2	0.53767
Serpinb5*Cxcr5	1	0.41274	0.43092	0.999995	102	1	1.6178	0.1697	0.27368	0.932577	94	2	1.6178
Clca2*Hgf	1	0.42712	0.4275	0.999995	104	1	1.1671	0.42712	0.44799	0.999975	127	1	1.1671
Apc*Cxcr5	3	0.42878	0.42883	0.999995	105	1	1.56772	0.26063	0.33006	0.999975	109	1	1.56772
Smad4*Btla	1	0.42976	0.44419	0.999995	106	1	0.95792	0.95319	0.95323	0.999975	271	0	0.95792
Clca2*Il6	1	0.43373	0.43397	0.999995	107	1	1.2491	0.92232	0.92205	0.999975	248	0	1.2491
Apc*Cxcr2	2	0.43865	0.43866	0.999995	108	1	1.47705	0.26847	0.33516	0.999975	113	1	1.47705
Rb1*Il6	2	0.4505	0.46115	0.999995	109	1	-0.10875	0.77815	0.77861	0.999975	190	0	-0.10875
Calml3*Cxcr5	1	0.45458	0.46483	0.999995	110	1	1.1451	0.78431	0.78486	0.999975	192	0	1.1451
Pten*Cxcr5	2	0.45864	0.46796	0.999995	111	1	-0.141805	0.00079746	0.0030715	0.08293	12	2	-0.141805
Chit1*Mfap5	3	0.46066	0.4697	0.999995	112	1	-1.03674	0.84465	0.84533	0.999975	215	0	-1.03674
Calml3*Cxcr2	2	0.47067	0.47782	0.999995	113	1	-0.53994	0.94495	0.94411	0.999975	267	0	-0.53994
Calml3*Pla2g2a	3	0.47544	0.47433	0.999995	114	1	1.18037	0.62558	0.62519	0.999975	159	0	1.18037
Kit*Pla2g2a	2	0.48282	0.47974	0.999995	116	0	1.39535	0.90359	0.90277	0.999975	238	0	1.39535
Apc*Tlr7	2	0.48322	0.48194	0.999995	117	0	1.10465	0.92011	0.91982	0.999975	246	0	1.10465
Sox10*Fcrl6	2	0.48446	0.48953	0.999995	118	1	-1.1738	0.68427	0.68461	0.999975	170	1	-1.1738
Tsc2*Cxcr5	2	0.48641	0.49097	0.999995	119	1	-0.05664	0.28284	0.40901	0.999975	115	2	-0.05664
Tsc2*Pla2g2a	2	0.48835	0.49273	0.999995	120	1	1.08573	0.65495	0.65835	0.999975	164	1	1.08573
Brca1*Mysm1	3	0.49028	0.49435	0.999995	121	1	-0.2957	0.6506	0.65463	0.999975	162	1	-0.2957
Tgfbr2*Cxcr2	3	0.49414	0.49765	0.999995	122	1	-0.423303	0.98031	0.98073	0.999975	283	0	-0.423303
Chit1*Mpeg1	2	0.49797	0.50106	0.999995	123	1	0.5114	0.98571	0.98615	0.999975	287	0	0.5114
Smad4*Cxcr5	3	0.51496	0.51694	0.999995	124	1	-0.711247	0.51496	0.55061	0.999975	138	1	-0.711247
Chek2*Pla2g2a	1	0.53666	0.53391	0.999995	126	0	1.4648	0.31686	0.32469	0.999975	119	1	1.4648
Nt*Cxcr2	11	0.53873	0.53856	0.999995	127	1	0.28301	0.93967	0.93886	0.999975	259	0	0.28301
Tgfbr2*Hgf	5	0.54052	0.54034	0.999995	128	1	0.1747	0.053297	0.12349	0.652525	60	3	0.1747
Chit1*Tlr7	2	0.5423	0.54174	0.999995	129	1	-0.980215	0.94006	0.93926	0.999975	260	0	-0.980215
Sox10*Cx3cl1	1	0.55988	0.55978	0.999995	131	1	-1.7067	0.9849	0.98525	0.999975	286	0	-1.7067
Clca2*Mpeg1	5	0.56505	0.56502	0.999995	132	1	2.57285	0.00053079	0.0021555	0.069839	10	3	2.57285
Chit1*Fcrl6	3	0.56677	0.56671	0.999995	133	1	-1.04282	0.87805	0.87857	0.999975	227	0	-1.04282
Kit*Hgf	7	0.57412	0.57496	0.999995	134	0	1.08494	0.42588	0.4261	0.999975	126	0	1.08494
Serpinb5*Pla2r1	3	0.58363	0.58295	0.999995	135	0	1.25299	0.48835	0.53211	0.999975	133	1	1.25299
Clca2*Cx3cl1	1	0.58694	0.58629	0.999995	136	0	1.3934	0.50179	0.54128	0.999975	137	1	1.3934
Rb1*Cxcr2	1	0.58859	0.58796	0.999995	137	0	0.79035	0.88067	0.88117	0.999975	231	0	0.79035
Krt15*Fcrl6	2	0.59187	0.59134	0.999995	138	0	-0.16932	0.77081	0.77108	0.999975	186	0	-0.16932
Rb1*Mfap5	1	0.59514	0.59452	0.999995	139	0	-1.4504	0.80671	0.80686	0.999975	202	0	-1.4504
Clca2*Pdcd1lg2	2	0.59777	0.59615	0.999995	140	0	0.98558	0.64984	0.64816	0.999975	161	0	0.98558
Tsc2*Mysm1	4	0.6	0.59926	0.999995	141	0	-0.493732	0.86065	0.86077	0.999975	223	0	-0.493732
Clca2*Mysm1	1	0.60385	0.60209	0.999995	142	0	1.877	0.53884	0.53623	0.999975	141	0	1.877
Stk11*Cdh1	3	0.60481	0.60402	0.999995	143	0	-0.0230733	0.010787	0.031666	0.263069	39	2	-0.0230733
Serpinb5*Cdh1	1	0.608	0.60737	0.999995	144	0	-0.76093	0.17194	0.27632	0.932577	95	1	-0.76093
Rb1*Mpeg1	2	0.60958	0.60899	0.999995	145	0	1.02271	0.79622	0.79642	0.999975	197	0	1.02271
Nt*Pla2g2a	9	0.61744	0.61677	0.999995	147	0	0.436628	0.91366	0.91247	0.999975	244	0	0.436628
Serpinb5*Fcrl6	2	0.62364	0.62349	0.999995	148	0	0.271465	0.99198	0.9925	0.999975	293	0	0.271465
Krt15*Mpeg1	3	0.62823	0.62806	0.999995	149	0	1.55344	0.69229	0.6926	0.999975	171	1	1.55344
Calml3*Fcrl6	1	0.62976	0.62946	0.999995	150	0	-0.96733	0.98419	0.98463	0.999975	285	0	-0.96733
Apc*Mpeg1	1	0.63353	0.63176	0.999995	151	0	1.6751	0.67223	0.67015	0.999975	167	0	1.6751
Calml3*Pdcd1lg2	2	0.6343	0.63369	0.999995	152	0	0.7337	0.85992	0.86009	0.999975	222	0	0.7337
Kit*Pdcd1lg2	2	0.64474	0.64467	0.999995	154	0	1.11505	0.83657	0.83699	0.999975	212	0	1.11505
Apc*Tnfsf15	2	0.64621	0.64619	0.999995	155	0	-0.09345	0.94385	0.94308	0.999975	266	0	-0.09345
Tgfbr2*Cdh1	2	0.64768	0.64732	0.999995	156	0	-0.0746	0.003695	0.013496	0.141883	30	2	-0.0746
Serpinb5*Mpeg1	1	0.64914	0.64868	0.999995	157	0	0.85184	0.52237	0.55547	0.999975	139	1	0.85184
Rb1*Tnfsf15	1	0.65206	0.65183	0.999995	158	0	-1.5247	0.64621	0.65122	0.999975	160	1	-1.5247
Krt15*Tlr7	1	0.65351	0.65329	0.999995	159	0	2.6866	0.79132	0.79161	0.999975	196	0	2.6866
Serpinb5*Hgf	3	0.65947	0.65912	0.999995	161	0	1.22903	0.027013	0.060678	0.468088	43	2	1.22903
Brca2*Pdcd1lg2	3	0.66069	0.66036	0.999995	162	0	-0.377103	0.49028	0.53341	0.999975	134	1	-0.377103
Chit1*Cdh1	2	0.66494	0.66449	0.999995	163	0	-0.28743	0.18026	0.28653	0.957083	97	1	-0.28743
Chek2*Pdcd1lg2	2	0.67471	0.67449	0.999995	164	0	0.561355	0.55641	0.57994	0.999975	144	1	0.561355
Nt*Tnfsf15	8	0.67746	0.67707	0.999995	165	0	-0.573541	0.97265	0.97329	0.999975	279	0	-0.573541
Brca2*Tnfsf15	1	0.68156	0.68119	0.999995	166	0	-1.8268	0.88261	0.88299	0.999975	232	0	-1.8268
Brca2*Cxcr2	2	0.68292	0.68253	0.999995	167	0	0.9742	0.9369	0.93614	0.999975	256	0	0.9742
Stk11*Pdcd1lg2	2	0.68562	0.68522	0.999995	168	0	-1.33634	0.80008	0.8002	0.999975	199	0	-1.33634
Tsc2*Btla	1	0.69097	0.69054	0.999995	169	0	-1.0345	0.58859	0.60415	0.999975	150	1	-1.0345
Smad4*Mpeg1	2	0.69625	0.69629	0.999995	170	0	-0.59736	0.79033	0.79061	0.999975	195	0	-0.59736
Brca2*Btla	2	0.69755	0.6975	0.999995	171	0	0.00866	0.91108	0.90984	0.999975	242	0	0.00866
Apc*Mfap5	1	0.69886	0.69884	0.999995	172	0	1.6281	0.95633	0.95628	0.999975	273	0	1.6281
Brca2*Hgf	2	0.72164	0.72134	0.999995	174	0	-0.880915	0.77503	0.77559	0.999975	187	0	-0.880915
Brca1*Nt	9	0.72773	0.72746	0.999995	175	0	-0.0881656	0.9791	0.97957	0.999975	282	0	-0.0881656
Smad4*Fcrl6	2	0.72893	0.72848	0.999995	176	0	-1.2347	0.83575	0.83614	0.999975	211	0	-1.2347
Serpinb5*Tnfsf15	2	0.7349	0.73454	0.999995	177	0	-0.18162	0.65351	0.6572	0.999975	163	1	-0.18162
Kit*Il6	2	0.73609	0.73562	0.999995	178	0	-0.300005	0.61744	0.62638	0.999975	154	1	-0.300005
Kit*Cxcr2	2	0.73825	0.73584	0.999995	179	0	0.858465	0.62179	0.61973	0.999975	156	0	0.858465
Brca2*Il6	1	0.74077	0.7402	0.999995	180	0	1.0636	0.8996	0.89879	0.999975	236	0	1.0636
Pten*Il6	2	0.74233	0.73981	0.999995	181	0	2.27105	0.68043	0.6782	0.999975	169	0	2.27105
Kit*Cx3cl1	2	0.7431	0.74261	0.999995	182	0	1.31377	0.75891	0.7589	0.999975	183	0	1.31377
Sox10*Nt	7	0.74425	0.74378	0.999995	183	0	-0.697676	0.95189	0.95159	0.999975	270	0	-0.697676
Kit*Tlr7	4	0.74997	0.74997	0.999995	184	0	1.14466	0.26511	0.38795	0.999975	111	2	1.14466
Smad4*Pdcd1lg2	2	0.75335	0.75342	0.999995	185	0	-1.0143	0.66916	0.67118	0.999975	166	1	-1.0143
Rb1*Muc16	3	0.75447	0.75443	0.999995	186	0	1.44154	0.90737	0.90598	0.999975	240	0	1.44154
Tsc2*Hgf	1	0.76111	0.76125	0.999995	187	0	0.77645	0.94236	0.94147	0.999975	263	0	0.77645
Brca1*Cxcr5	1	0.77081	0.77108	0.999995	188	0	-0.87634	0.80104	0.80112	0.999975	200	0	-0.87634
Brca2*Tlr7	2	0.77187	0.77226	0.999995	189	0	-1.71125	0.93928	0.93847	0.999975	258	0	-1.71125
Pten*Tlr7	3	0.77607	0.77661	0.999995	190	0	0.85934	0.57188	0.5917	0.999975	147	1	0.85934
Serpinb5*Il6	3	0.77712	0.77752	0.999995	191	0	2.27267	0.06105	0.13896	0.652525	68	1	2.27267
Stk11*Cxcr2	3	0.78227	0.78285	0.999995	192	0	-1.1423	0.92343	0.92277	0.999975	249	0	-1.1423
Smad4*Tlr7	1	0.78431	0.78486	0.999995	193	0	-1.5003	0.82988	0.83035	0.999975	210	0	-1.5003
Kit*Mfap5	4	0.78833	0.78864	0.999995	195	0	1.4646	0.036178	0.088008	0.581929	48	2	1.4646
Serpinb5*Mysm1	2	0.78933	0.7895	0.999995	196	0	-0.031845	0.1685	0.27215	0.932577	93	2	-0.031845
Smad4*Muc16	3	0.79033	0.79061	0.999995	197	0	0.516367	0.76975	0.76986	0.999975	185	0	0.516367
Kit*Fcrl6	3	0.79427	0.79443	0.999995	198	0	0.542693	0.54763	0.5732	0.999975	143	1	0.542693
Sox10*Mysm1	1	0.79622	0.79642	0.999995	199	0	-1.723	0.87871	0.87926	0.999975	228	0	-1.723
Pten*Pla2g2a	2	0.79816	0.79857	0.999995	201	0	1.3408	0.44227	0.50308	0.999975	129	1	1.3408
Nt*Cxcr5	13	0.79912	0.79937	0.999995	202	0	-0.0501815	0.0012925	0.0050528	0.10914	15	2	-0.0501815
Serpinb5*Btla	3	0.80008	0.8002	0.999995	203	0	0.35731	0.9373	0.93648	0.999975	257	0	0.35731
Brca2*Muc16	1	0.80199	0.80215	0.999995	204	0	-0.8065	0.49988	0.53977	0.999975	135	1	-0.8065
Chek2*Muc16	2	0.81408	0.81484	0.999995	206	0	0.073875	0.72893	0.72848	0.999975	178	0	0.073875
Tsc2*Mpeg1	1	0.81857	0.81943	0.999995	207	0	2.0122	0.87937	0.87991	0.999975	229	0	2.0122
Apc*Pdcd1lg2	4	0.81999	0.81751	0.999995	208	0	1.53238	0.29685	0.30732	0.978732	118	1	1.53238
Brca1*Pla2r1	2	0.82299	0.82375	0.999995	210	0	1.42304	0.35942	0.45534	0.999975	120	1	1.42304
Stk11*Cxcr5	2	0.82473	0.8253	0.999995	211	0	-0.834975	0.43812	0.5006	0.999975	128	1	-0.834975
Krt15*Mfap5	1	0.83073	0.83121	0.999995	212	0	-1.5848	0.22513	0.33978	0.999975	105	2	-1.5848
Smad4*Nt	7	0.83575	0.83614	0.999995	213	0	-0.03253	0.95509	0.95507	0.999975	272	0	-0.03253
Brca2*Pla2g2a	1	0.83739	0.83786	0.999995	214	0	-0.9799	0.90465	0.90365	0.999975	239	0	-0.9799
Clca2*Tnfsf15	1	0.84146	0.84209	0.999995	215	0	-1.0828	0.12369	0.21736	0.869434	80	2	-1.0828
Nt*Btla	12	0.84858	0.8491	0.999995	216	0	1.40989	0.84858	0.8491	0.999975	216	0	1.40989
Krt15*Cx3cl1	1	0.85013	0.85068	0.999995	217	0	0.82897	0.085876	0.17042	0.726791	73	2	0.82897
Pten*Cx3cl1	2	0.85167	0.8521	0.999995	218	0	5.7157	0.0019037	0.0073228	0.117962	20	3	5.7157
Pten*Pdcd1lg2	2	0.85621	0.85651	0.999995	220	0	1.90735	0.084927	0.16921	0.726791	72	2	1.90735
Pten*Mpeg1	3	0.87198	0.87245	0.999995	223	0	2.65852	0.043814	0.10397	0.618865	53	2	2.65852
Chek2*Hgf	1	0.87738	0.87794	0.999995	225	0	0.59363	0.67471	0.67614	0.999975	168	1	0.59363
Apc*Nt	10	0.88002	0.8805	0.999995	227	0	1.88088	0.004418	0.016034	0.162349	32	2	1.88088
Clca2*Pla2r1	2	0.88325	0.88361	0.999995	228	0	2.94015	0.26646	0.38952	0.999975	112	2	2.94015
Stk11*Tlr7	1	0.88389	0.88414	0.999995	229	0	-1.4747	0.76868	0.76896	0.999975	184	0	-1.4747
Pten*Btla	5	0.88516	0.88538	0.999995	230	0	4.48597	0.77607	0.77661	0.999975	188	0	4.48597
Rb1*Pla2r1	2	0.88829	0.88829	0.999995	231	0	1.84245	0.098579	0.18601	0.772643	78	2	1.84245
Apc*Cx3cl1	3	0.89256	0.89233	0.999995	233	0	3.4145	0.0030346	0.011186	0.139392	26	2	3.4145
Rb1*Btla	2	0.8973	0.89647	0.999995	234	0	1.49666	0.81408	0.81484	0.999975	204	0	1.49666
Brca1*Cxcr2	2	0.9041	0.90307	0.999995	235	0	-0.461025	0.23934	0.35692	0.999975	106	2	-0.461025
Chit1*Muc16	2	0.90465	0.90365	0.999995	236	0	0.087635	0.90897	0.90789	0.999975	241	0	0.087635
Calml3*Btla	4	0.90574	0.90459	0.999995	237	0	-0.7849	0.88891	0.88882	0.999975	233	0	-0.7849
Chit1*Nt	6	0.90629	0.90507	0.999995	238	0	0.42127	0.92011	0.91948	0.999975	245	0	0.42127
Stk11*Cx3cl1	1	0.90844	0.90739	0.999995	240	0	-2.0441	0.8577	0.85799	0.999975	221	0	-2.0441
Calml3*Mpeg1	2	0.91108	0.90984	0.999995	241	0	-0.551075	0.2209	0.33504	0.999975	103	2	-0.551075
Apc*Btla	3	0.91234	0.9117	0.999995	242	0	1.3389	0.17216	0.20424	0.827157	96	1	1.3389
Stk11*Mfap5	2	0.91366	0.91247	0.999995	243	0	-1.07358	0.90354	0.90266	0.999975	237	0	-1.07358
Clca2*Btla	2	0.91417	0.91297	0.999995	244	0	0.892045	0.77712	0.77752	0.999975	189	0	0.892045
Kit*Pla2r1	4	0.91568	0.91457	0.999995	245	0	1.67275	0.14946	0.24921	0.906009	88	1	1.67275
Krt15*Hgf	2	0.91618	0.91516	0.999995	246	0	0.87822	0.18935	0.29821	0.978732	98	2	0.87822
Sox10*Pla2r1	1	0.91767	0.91675	0.999995	247	0	-1.2442	0.52604	0.55804	0.999975	140	1	-1.2442
Brca1*Muc16	1	0.91865	0.91777	0.999995	248	0	-0.94728	0.06008	0.13713	0.652525	66	2	-0.94728
Rb1*Nt	5	0.92107	0.92044	0.999995	249	0	1.03356	0.93402	0.93321	0.999975	254	0	1.03356
Calml3*Pla2r1	2	0.93019	0.92927	0.999995	251	0	1.04189	0.0028765	0.010658	0.138129	25	3	1.04189
Tgfbr2*Mysm1	2	0.93105	0.93022	0.999995	252	0	0.1759	0.027169	0.068205	0.495806	44	3	0.1759
Pten*Nt	11	0.93444	0.93381	0.999995	253	0	3.5029	5.6293e-07	4.9781e-06	0.000806	2	3	3.5029
Tgfbr2*Cx3cl1	2	0.93609	0.93539	0.999995	254	0	-0.162975	0.19814	0.30812	0.978732	101	2	-0.162975
Krt15*Il6	1	0.93741	0.93674	0.999995	255	0	0.81126	0.035169	0.072665	0.511816	47	2	0.81126
Nt*Mfap5	7	0.93967	0.93886	0.999995	256	0	-0.00642714	0.8509	0.8515	0.999975	218	0	-0.00642714
Apc*Pla2g2a	3	0.9404	0.93988	0.999995	257	0	2.70333	0.096479	0.16609	0.726791	77	1	2.70333
Sox10*Muc16	4	0.94198	0.94114	0.999995	258	0	-1.01222	0.044497	0.10528	0.618865	55	3	-1.01222
Tsc2*Cdh1	2	0.94236	0.94147	0.999995	259	0	0.89945	0.16076	0.26237	0.922008	91	1	0.89945
Calml3*Cdh1	3	0.94568	0.94494	0.999995	260	0	0.174953	0.38873	0.47121	0.999975	122	1	0.174953
Nt*Nt	81	0.94711	0.94651	0.999995	261	0	0.220482	0.0085989	0.026717	0.240457	36	2	0.220482
Chek2*Cxcr2	1	0.94851	0.94796	0.999995	262	0	1.7331	0.10672	0.19669	0.806676	79	2	1.7331
Stk11*Btla	3	0.95022	0.94983	0.999995	263	0	-0.186813	0.5803	0.59782	0.999975	148	1	-0.186813
Smad4*Cdh1	3	0.95122	0.95082	0.999995	264	0	-0.30847	0.045269	0.10696	0.618865	56	2	-0.30847
Tgfbr2*Nt	10	0.95319	0.95323	0.999995	266	0	0.713045	0.69886	0.69899	0.999975	173	1	0.713045
Nt*Cx3cl1	8	0.95541	0.9553	0.999995	267	0	1.5331	0.00091026	0.0035992	0.089702	13	2	1.5331
Nt*Muc16	13	0.95633	0.95628	0.999995	268	0	1.12689	0.0011578	0.004535	0.104954	14	2	1.12689
Apc*Hgf	2	0.95662	0.95631	0.999995	269	0	1.41145	0.075079	0.13415	0.652525	70	2	1.41145
Nt*Mysm1	8	0.95844	0.95824	0.999995	270	0	-0.364329	0.78125	0.78175	0.999975	191	0	-0.364329
Brca2*Cx3cl1	2	0.95902	0.95878	0.999995	271	0	-0.79963	0.059535	0.13613	0.652525	65	3	-0.79963
Chit1*Pla2g2a	1	0.96046	0.96029	0.999995	272	0	1.3531	0.70275	0.70295	0.999975	174	1	1.3531
Sox10*Pdcd1lg2	2	0.96187	0.96192	0.999995	273	0	-0.736385	0.82646	0.82707	0.999975	209	0	-0.736385
Calml3*Nt	4	0.96214	0.96216	0.999995	274	0	1.3223	0.0547	0.12666	0.652525	61	3	1.3223
Stk11*Pla2r1	2	0.96559	0.96587	0.999995	275	0	0.964705	0.74194	0.74141	0.999975	179	0	0.964705
Calml3*Il6	2	0.96585	0.96615	0.999995	276	0	0.05095	0.042852	0.102	0.618865	52	3	0.05095
Nt*Hgf	7	0.96685	0.96713	0.999995	277	0	-0.0362014	0.80577	0.80593	0.999975	201	0	-0.0362014
Tsc2*Pla2r1	4	0.9688	0.96934	0.999995	278	0	0.790353	0.26375	0.38617	0.999975	110	2	0.790353
Nt*Pdcd1lg2	8	0.96904	0.96953	0.999995	280	0	0.172485	0.59838	0.61148	0.999975	152	1	0.172485
Brca1*Mpeg1	3	0.97308	0.97371	0.999995	282	0	0.89583	0.1931	0.30234	0.978732	99	2	0.89583
Kit*Muc16	4	0.9733	0.97398	0.999995	283	0	1.59378	0.086829	0.17146	0.726791	74	2	1.59378
Tsc2*Nt	10	0.97614	0.97678	0.999995	284	0	0.388548	0.28421	0.41077	0.999975	116	2	0.388548
Tsc2*Cxcr2	1	0.97766	0.97818	0.999995	285	0	-1.2722	0.048777	0.11409	0.635894	58	3	-1.2722
Kit*Mpeg1	4	0.97875	0.97917	0.999995	286	0	2.8272	0.055172	0.12753	0.652525	62	3	2.8272
Tgfbr2*Il6	3	0.98064	0.98108	0.999995	287	0	-0.540357	0.19436	0.30374	0.978732	100	2	-0.540357
Krt15*Pla2g2a	1	0.98126	0.98105	0.999995	288	0	0.64556	0.018742	0.047874	0.378324	41	3	0.64556
Brca2*Cdh1	2	0.98302	0.98342	0.999995	289	0	-0.8712	0.07926	0.16195	0.726791	71	1	-0.8712
Clca2*Muc16	3	0.98531	0.98575	0.999995	291	0	0.5408	0.017255	0.045973	0.372379	40	2	0.5408
Chek2*Tlr7	1	0.98558	0.98608	0.999995	292	0	0.59507	0.049662	0.1158	0.635894	59	3	0.59507
Brca2*Pla2r1	4	0.98885	0.9895	0.999995	293	0	0.775787	0.0016895	0.006586	0.117402	18	3	0.775787
Krt15*Nt	11	0.98981	0.99049	0.999995	294	0	0.892745	0.046608	0.1096	0.623005	57	3	0.892745
Serpinb5*Nt	6	0.9908	0.99143	0.999995	295	0	2.2193	0.03135	0.077584	0.534832	46	3	2.2193
Chek2*Btla	3	0.99189	0.99242	0.999995	296	0	1.32277	0.0067563	0.022486	0.208157	35	3	1.32277
Brca1*Cx3cl1	1	0.99206	0.99254	0.999995	297	0	-0.85658	0.060531	0.13802	0.652525	67	3	-0.85658
Stk11*Pla2g2a	1	0.99215	0.99265	0.999995	298	0	1.4483	0.0093104	0.02834	0.241638	38	3	1.4483
Chek2*Cdh1	1	0.99272	0.9931	0.999995	299	0	-0.64477	0.13805	0.23486	0.884827	85	2	-0.64477
Kit*Nt	11	0.99334	0.99367	0.999995	300	0	1.68324	0.0093024	0.02833	0.241638	37	2	1.68324
Brca2*Nt	9	0.99364	0.99399	0.999995	301	0	-0.102439	0.041243	0.098711	0.618865	51	3	-0.102439
Tsc2*Muc16	2	0.99413	0.99449	0.999995	302	0	-0.25843	0.05904	0.13521	0.652525	64	3	-0.25843
Tgfbr2*Muc16	5	0.99439	0.99474	0.999995	303	0	-0.328442	0.0033399	0.012311	0.141883	28	3	-0.328442
Brca2*Mpeg1	3	0.99471	0.99502	0.999995	304	0	0.996847	0.0048044	0.017279	0.164658	34	3	0.996847
Tgfbr2*Pla2r1	3	0.99537	0.99561	0.999995	305	0	0.70103	0.0046275	0.016721	0.164174	33	4	0.70103
Nt*Pla2r1	12	0.99627	0.99641	0.999995	306	0	1.72087	0.0037339	0.013575	0.141883	31	4	1.72087
Tgfbr2*Pla2g2a	3	0.99636	0.99651	0.999995	307	0	0.641233	0.003638	0.013356	0.141883	29	4	0.641233
Clca2*Nt	9	0.99668	0.99678	0.999995	308	0	1.61301	0.0033169	0.012231	0.141883	27	4	1.61301
Kit*Tnfsf15	2	0.99722	0.99734	0.999995	309	0	0.19475	0.0027774	0.010379	0.138129	24	4	0.19475
Krt15*Pla2r1	2	0.99752	0.99767	0.999995	310	0	2.10995	0.0024799	0.0092145	0.129804	23	4	2.10995
Calml3*Hgf	1	0.99789	0.99804	0.999995	311	0	1.7934	0.0021108	0.0080098	0.117962	22	4	1.7934
Pten*Muc16	3	0.99791	0.99783	0.999995	312	0	4.89003	0.00017295	0.00050279	0.032581	6	3	4.89003
Kit*Btla	3	0.99795	0.99812	0.999995	313	0	1.32999	0.0020483	0.0078106	0.117962	21	4	1.32999
Krt15*Cdh1	1	0.99798	0.99815	0.999995	314	0	0.88794	0.00041798	0.0017075	0.067204	8	4	0.88794
Krt15*Btla	2	0.99824	0.99839	0.999995	315	0	0.990045	0.0017567	0.0068847	0.117402	19	4	0.990045
Pten*Pla2r1	3	0.9985	0.99867	0.999995	316	0	1.13516	0.0014974	0.0058393	0.11129	17	4	1.13516
Chek2*Nt	9	0.99857	0.99879	0.999995	317	0	1.34062	0.0014256	0.0055705	0.11129	16	4	1.34062
Brca1*Pla2g2a	1	0.99926	0.99938	0.999995	318	0	0.80721	0.00073517	0.0028823	0.08293	11	4	0.80721
Chek2*Pla2r1	1	0.99953	0.99958	0.999995	319	0	0.56082	0.0004674	0.0018668	0.067204	9	4	0.56082
Chit1*Pla2r1	3	0.99967	0.9997	0.999995	320	0	-0.173687	0.00033231	0.0013789	0.063825	7	4	-0.173687
Brca1*Cdh1	2	0.99983	0.99986	0.999995	321	0	0.870785	0.00016526	0.00070191	0.037903	5	4	0.870785
Brca1*Pdcd1lg2	3	0.99998	0.99999	0.999995	322	0	0.06021	2.203e-05	8.4628e-05	0.006855	4	4	0.06021
Nt*Cdh1	11	1.0	1.0	0.999995	323	0	-0.677138	3.1317e-06	1.4934e-05	0.001613	3	4	-0.677138
Pten*Cdh1	3	1.0	1.0	0.999995	324	0	5.15764	5.0107e-09	4.9781e-06	0.000806	1	4	5.15764
